#delta
0.0	0.0	0.05741580830960649	0.06060656417304636	0.05917266530410929	0.08077615159404224	0.0	0.05839859878540695	0.0	0.0	0.07437639354237154	0.07364309132831887	0.04738285463107691	0.0846711469068772	0.08212374213932157	0.0	0.049049280358776585	0.058195398074460954	0.0	0.04593578656212111	0.0	0.0	0.0	0.04648948188299401	0.04236953444767285	0.0	0.0	0.0	0.04592132576454995	0.04208833702092166	0.0	0.0	0.05389879383078208	0.0	0.0	0.0	0.0	0.06624405136248211	0.0	0.04511171304163671	0.0459241957074229	0.044643144215731095	0.06465631609127541	0.05147312274371199	0.053111048833681965	0.0	0.0	0.04492187576897257	0.043484947403445946	0.0	0.0	0.0	0.0	0.0	0.0	0.0	0.0	0.0	0.0	0.0	0.0	0.0	0.0	0.0	0.0	0.0	0.0	0.0	
0.0	0.0	0.06013858023671611	0.0	0.0	0.0	0.0	0.0	0.0	0.0	0.0	0.0	0.0	0.0	0.0	0.0	0.05016546293187389	0.0	0.0	0.0	0.0	0.0	0.0	0.0	0.0	0.0	0.0	0.0	0.0	0.0	0.0	0.05337228499971094	0.0	0.045889335719943226	0.0	0.09394036073294357	0.05490086849759741	0.0	0.0	0.0	0.0	0.0	0.0	0.0	0.0	0.0	0.0	0.04602467095585223	0.0440672654651551	0.0	0.0	0.0	0.0	0.04203041334890943	0.05103596755956453	0.05056666292638737	0.04529310743061309	0.0	0.0	0.0	0.0	0.0	0.04350156969768974	0.05839870177360099	0.0	0.0613958993738683	0.046105355394750205	0.0	
0.05741580830960649	0.06013858023671611	0.0	0.0	0.0	0.0	0.0	0.0	0.0	0.0	0.060474045989655174	0.0	0.0562362921531383	0.0	0.0	0.0	0.0	0.04478297543954481	0.0	0.0	0.04706190236347636	0.0	0.0	0.0	0.050229342438839926	0.0473293295286091	0.0	0.0	0.0	0.0	0.0	0.0	0.0	0.04220709616436544	0.0	0.055623275423429146	0.0	0.0	0.0	0.0	0.0	0.0	0.0	0.045996762431239575	0.0	0.0	0.0	0.0	0.0	0.0	0.0	0.0	0.0	0.0	0.0	0.0	0.04493897596115182	0.0	0.0	0.0	0.0	0.0	0.0	0.0	0.0	0.04219682670588128	0.0	0.0	
0.06060656417304636	0.0	0.0	0.0	0.0819659495539107	0.11225231493182629	0.0	0.09942724990660934	0.0	0.05062145960597583	0.0	0.05170792154660034	0.0	0.0859627493486485	0.09834543996253442	0.0	0.0	0.0	0.0	0.06693870218909038	0.0	0.0	0.0	0.06639993783204108	0.0	0.0	0.05757547807243485	0.0	0.0	0.058325184984572634	0.0	0.048095148411105584	0.0	0.0	0.050152908787059934	0.051486078666974015	0.06023360726847885	0.11582389973457555	0.05424755212392538	0.08027075183467007	0.0	0.05949120037310946	0.0535034256087717	0.0	0.04690712698663612	0.04487401293618867	0.0	0.0749293287411098	0.054814886715516056	0.0	0.0	0.0	0.0	0.057388795211117	0.0	0.04232651977657601	0.044599544836378416	0.061497783631142604	0.04581266817265889	0.04233531243222005	0.05897251878944603	0.04352345872417486	0.0	0.0	0.04757701856238202	0.0	0.05125790492697381	0.0	
0.05917266530410929	0.0	0.0	0.0819659495539107	0.0	0.08836362432854104	0.0	0.1049147757928179	0.0	0.047809270047184174	0.0	0.102682835147552	0.0	0.09755266807964502	0.09784475413924325	0.0	0.0	0.0	0.052740995608846535	0.0834709904494428	0.0	0.0	0.04203580563778514	0.08381224767647687	0.0	0.04503876990588635	0.0	0.0	0.05182667583800092	0.0	0.04354756482883852	0.07316872626965171	0.05328789049943988	0.0	0.05263087113462653	0.0	0.0	0.08820777943703587	0.08669073619312927	0.0	0.04519677520762178	0.060503078018690544	0.08971906640358122	0.0	0.05521192113704564	0.06929567682095365	0.055429709948304776	0.0	0.055312025459401545	0.0	0.049757320560532864	0.0	0.0	0.06290977916171395	0.0	0.05484624190724833	0.0	0.06251156674594727	0.0	0.04815371981944115	0.042700949774448306	0.042750389285241885	0.0	0.0	0.0	0.0	0.0	0.05122441540862059	
0.08077615159404224	0.0	0.0	0.11225231493182629	0.08836362432854104	0.0	0.0	0.08820127397549443	0.0	0.04642929170444489	0.04398038289349959	0.10429365475594989	0.0	0.10412087931790331	0.11041967331068576	0.0	0.0	0.04919955158825508	0.0	0.059810135235188536	0.0	0.0	0.0	0.06687130520656591	0.0	0.0	0.04526998837827709	0.0	0.06006584940557424	0.05194845045287507	0.04901989326078391	0.058424313367881814	0.05933459909141837	0.0	0.047639811325733104	0.048369577694219	0.046133055278028634	0.10357717657361167	0.09224502551069592	0.10938907017804747	0.043301246722147926	0.060278786017152405	0.09538244475228742	0.04404584344293738	0.07520782416885939	0.05141082766065241	0.0	0.08338942608750706	0.05603177487872745	0.0	0.0	0.0	0.0	0.055149470855941025	0.0	0.0	0.04591806121556577	0.04821914513278254	0.0	0.0	0.0	0.0504344711407226	0.0	0.0	0.0	0.0	0.04384692462843597	0.07065373412299313	
0.0	0.0	0.0	0.0	0.0	0.0	0.0	0.0	0.045747817781822055	0.042142039769585006	0.0	0.0	0.0	0.0	0.0	0.0	0.0	0.0	0.0	0.0	0.0	0.0	0.0	0.045829867810114576	0.0	0.0	0.0	0.0	0.0	0.0	0.0	0.0	0.0	0.0	0.0	0.0	0.0	0.0	0.0	0.0	0.0	0.0	0.0	0.04205592768399854	0.0	0.0	0.0	0.0	0.0	0.0	0.0	0.0	0.0	0.0	0.0	0.0	0.0	0.0	0.0	0.0	0.0	0.04458240917866531	0.0	0.0	0.0	0.0	0.0	0.0	
0.05839859878540695	0.0	0.0	0.09942724990660934	0.1049147757928179	0.08820127397549443	0.0	0.0	0.0	0.0	0.0	0.11493281964123894	0.0	0.0958689955521571	0.1059690864772495	0.0	0.0	0.0	0.0	0.08616797300359089	0.0	0.0	0.0	0.06937526656338651	0.0	0.0	0.0	0.0	0.0	0.04542709879291655	0.047336460184453234	0.04983444393440685	0.048041753746951334	0.0	0.05199271356506373	0.0	0.0	0.09118643697818397	0.08606683805074833	0.05400669213587052	0.05570359673746862	0.050561116637564976	0.08552640004190433	0.0	0.06683379728766194	0.05039681614733127	0.0562050436682605	0.04434046172586401	0.043429742004017745	0.051937400261498165	0.06876150625020534	0.04590057925898841	0.0	0.050093719790473244	0.0	0.0	0.0	0.06497064479583475	0.04582071856585296	0.05688664679342309	0.05290070431171355	0.04553819995769003	0.0	0.0	0.043417935799755995	0.0	0.04734297395209124	0.06225245417249381	
0.0	0.0	0.0	0.0	0.0	0.0	0.045747817781822055	0.0	0.0	0.0	0.0	0.05862622599931036	0.0	0.0	0.0	0.0	0.0	0.0	0.0	0.050709908157739125	0.0	0.0634086289404219	0.0	0.0	0.0	0.0	0.0	0.0	0.0	0.0	0.0	0.044918716831664894	0.0	0.0	0.0	0.0	0.0	0.0	0.0	0.049439573002940204	0.0	0.051518630063861884	0.0	0.0	0.0	0.0655469625087921	0.0	0.05295987994831342	0.054073922347780384	0.0	0.05140244279997373	0.0	0.0	0.052289186004173184	0.0	0.07628158965915022	0.0	0.0	0.0	0.0	0.0	0.0	0.0	0.045471339925991984	0.0	0.046335576071597315	0.05350186883158617	0.0	
0.0	0.0	0.0	0.05062145960597583	0.047809270047184174	0.04642929170444489	0.042142039769585006	0.0	0.0	0.0	0.0	0.04841789642744744	0.0	0.04861275994191512	0.045592052543867195	0.0	0.0	0.0	0.0	0.0	0.0	0.0	0.0	0.0	0.0	0.0	0.06509621700978518	0.0	0.0	0.0	0.0	0.0	0.0	0.0	0.0	0.0	0.050305707178461535	0.0	0.042202328300869854	0.057046768970962135	0.0	0.043986124987876435	0.0	0.0	0.0	0.0	0.0	0.06338338552645842	0.04898098285439745	0.0	0.0	0.0	0.0	0.04714157733295861	0.0	0.042169829721595116	0.04414579687323402	0.0	0.0468152629838239	0.0	0.05506291899882464	0.0	0.0	0.0	0.0	0.0	0.0	0.0	
0.07437639354237154	0.0	0.060474045989655174	0.0	0.0	0.04398038289349959	0.0	0.0	0.0	0.0	0.0	0.0	0.0833855500484462	0.0	0.0	0.0	0.07633323003511054	0.08327796717648205	0.0	0.0	0.0	0.0	0.0	0.0	0.0609777246238003	0.04988501488672194	0.0	0.0	0.0	0.0	0.06043648756982374	0.0	0.04934009896168355	0.0	0.0	0.0	0.0	0.0	0.0	0.0	0.0	0.0	0.0	0.0	0.0	0.0	0.0	0.0	0.0	0.0	0.0	0.0	0.0	0.0	0.0	0.0	0.0	0.0	0.046346258940396595	0.0	0.05172043524039683	0.0	0.0	0.0	0.048994254455898584	0.0	0.0	0.0	
0.07364309132831887	0.0	0.0	0.05170792154660034	0.102682835147552	0.10429365475594989	0.0	0.11493281964123894	0.05862622599931036	0.04841789642744744	0.0	0.0	0.0	0.10631618697133713	0.13069728110932866	0.0	0.0	0.0	0.0	0.11218040452094712	0.0	0.0	0.04671920911810929	0.0555741327589922	0.0	0.0	0.051649075218481395	0.0	0.0	0.0	0.0	0.05274000368203453	0.05475189446522353	0.04272207460302263	0.07524941711373175	0.04265451287670617	0.0	0.07207168555899042	0.08412960483445958	0.0	0.0	0.08236766784167965	0.10662428606526289	0.045762788817806564	0.0622052783347181	0.1168072888788068	0.06133260806675646	0.0	0.09083235472918655	0.05305594991661519	0.05210529859733845	0.04359721850493577	0.0	0.11483881845854946	0.0	0.06203308215706591	0.0	0.04553720854439247	0.0	0.0	0.06323811296180072	0.0	0.0	0.04478234830073873	0.0	0.0	0.05369413037195695	0.052439217893963226	
0.04738285463107691	0.0	0.0562362921531383	0.0	0.0	0.0	0.0	0.0	0.0	0.0	0.0833855500484462	0.0	0.0	0.0	0.0	0.0423041925479465	0.0	0.05758644806185187	0.0	0.0	0.0	0.0	0.0	0.0	0.10430511050501518	0.054201577399050516	0.042272052994927305	0.0	0.0	0.0	0.043517006384221284	0.0	0.0	0.0	0.0	0.0	0.0	0.0	0.04595283156242029	0.0	0.0	0.043556361251399	0.0	0.0	0.042543862639615466	0.0	0.07140846987703857	0.0	0.0	0.04976446645374435	0.0	0.045716283812523385	0.0	0.0	0.0	0.0	0.0	0.0	0.08606129054965826	0.0	0.0631222519297293	0.0	0.0	0.0	0.0	0.0	0.0	0.05050383683644153	
0.0846711469068772	0.0	0.0	0.0859627493486485	0.09755266807964502	0.10412087931790331	0.0	0.0958689955521571	0.0	0.04861275994191512	0.0	0.10631618697133713	0.0	0.0	0.10527621810671994	0.0	0.0	0.0	0.050443104466233776	0.06817533033030686	0.0	0.04284468339916986	0.0	0.07285708165901796	0.0	0.05489020954093756	0.0	0.0	0.0679090537807977	0.04545861514548323	0.047570673647535096	0.07115802315590833	0.05253140892271647	0.0	0.04772779655408065	0.0	0.0	0.08392540036457012	0.09941434389525373	0.06725694344965079	0.0519014261158893	0.04936076420385559	0.1004239467723805	0.0	0.06546179624745532	0.05436120313109474	0.04420642824128894	0.0541291554344292	0.043988799059429144	0.0	0.0	0.0	0.0	0.05340985648773351	0.0	0.04423101812181814	0.0	0.0540524527879281	0.0	0.042221576549046076	0.0	0.0	0.0	0.0	0.0	0.0	0.0	0.06413462904892879	
0.08212374213932157	0.0	0.0	0.09834543996253442	0.09784475413924325	0.11041967331068576	0.0	0.1059690864772495	0.0	0.045592052543867195	0.0	0.13069728110932866	0.0	0.10527621810671994	0.0	0.0	0.0	0.0	0.04326886408072297	0.09664866531593001	0.0	0.0	0.04218579760043994	0.07754541436933486	0.0	0.042136278792212496	0.0	0.0	0.04360861056783709	0.04377940925171171	0.0	0.05255493968899133	0.06484738389216467	0.0	0.052598011370851155	0.042761569453977834	0.0	0.10513220166440268	0.09357728855629695	0.04859558476182523	0.0529610931372286	0.0630510331634143	0.10463963324827592	0.045033820262620976	0.07739135415849469	0.06950003998783728	0.05170721810923734	0.0	0.053513933208328	0.042153655199880506	0.05023340157592359	0.0	0.0	0.07071942345168714	0.0	0.04252156066501595	0.0	0.04964918233388105	0.0	0.05259489842769669	0.04629130017275763	0.0	0.0	0.0	0.0	0.0	0.04242249166587482	0.06067234578169478	
0.0	0.0	0.0	0.0	0.0	0.0	0.0	0.0	0.0	0.0	0.0	0.0	0.0423041925479465	0.0	0.0	0.0	0.0	0.0	0.0	0.0	0.047078619883219416	0.07131872387406772	0.0	0.0	0.0524186426523602	0.050286668409056295	0.06035002772331385	0.050787632412801195	0.0	0.0	0.0	0.0	0.0	0.0	0.0	0.0	0.0	0.0	0.0	0.0	0.0	0.0	0.0	0.0	0.04202805259434977	0.0	0.049019711012862094	0.0	0.0	0.08375747294981022	0.0	0.0	0.0	0.0	0.0	0.0	0.0	0.0	0.06086727380811139	0.0	0.0526770644961086	0.0	0.0	0.0	0.0	0.0	0.0	0.0	
0.049049280358776585	0.05016546293187389	0.0	0.0	0.0	0.0	0.0	0.0	0.0	0.0	0.07633323003511054	0.0	0.0	0.0	0.0	0.0	0.0	0.07385313851252118	0.0	0.04499300207871345	0.04731901452397629	0.044150847710831866	0.053822137303569696	0.0	0.0	0.0	0.0	0.0	0.053843384391126244	0.0	0.0	0.0	0.0	0.0	0.0	0.05121552302910703	0.04944990604382552	0.0	0.0	0.0	0.0	0.0	0.0	0.0	0.0	0.0	0.0	0.0	0.0	0.0	0.061860417082985404	0.0	0.044073245944316566	0.0	0.0	0.04785473170241603	0.0	0.0	0.044987758457132966	0.0	0.06077380719409306	0.0	0.04428308749980007	0.0	0.046198605954672456	0.04809219271888867	0.043298139098982814	0.04357223665500246	
0.058195398074460954	0.0	0.04478297543954481	0.0	0.0	0.04919955158825508	0.0	0.0	0.0	0.0	0.08327796717648205	0.0	0.05758644806185187	0.0	0.0	0.0	0.07385313851252118	0.0	0.05659485738129759	0.0	0.0	0.0	0.0	0.0	0.0	0.0	0.0	0.0	0.04526572636248938	0.0	0.0	0.06757556603649739	0.047045952784119764	0.04522218065405533	0.0	0.04776180917859232	0.0	0.0	0.0	0.0	0.0	0.0	0.0	0.0	0.0	0.0	0.0	0.0	0.0	0.0	0.0	0.0	0.0	0.0	0.0	0.0	0.0	0.0	0.0	0.0	0.05015443713541543	0.0	0.0	0.0	0.0	0.0	0.0	0.0	
0.0	0.0	0.0	0.0	0.052740995608846535	0.0	0.0	0.0	0.0	0.0	0.0	0.0	0.0	0.050443104466233776	0.04326886408072297	0.0	0.0	0.05659485738129759	0.0	0.0	0.0	0.0	0.0	0.0	0.04643666337561097	0.06603960450147767	0.0	0.0	0.08397869718055609	0.0	0.0	0.06463302540859295	0.0	0.0	0.0	0.0	0.0	0.0	0.04567973189378184	0.0	0.0	0.0	0.04277101005854363	0.0	0.0	0.0	0.0	0.0	0.0	0.0	0.04461033700340102	0.0	0.0	0.0	0.04213620765366853	0.0	0.0	0.0	0.0	0.0	0.0	0.0	0.0	0.0	0.0	0.0	0.0	0.0	
0.04593578656212111	0.0	0.0	0.06693870218909038	0.0834709904494428	0.059810135235188536	0.0	0.08616797300359089	0.050709908157739125	0.0	0.0	0.11218040452094712	0.0	0.06817533033030686	0.09664866531593001	0.0	0.04499300207871345	0.0	0.0	0.0	0.0	0.0	0.04275470993618391	0.04627922328953201	0.0	0.0	0.04906197231759955	0.0	0.0	0.0	0.0	0.049613281756120516	0.0	0.0	0.061092370301917	0.04690429271253547	0.0	0.04848168216354971	0.07841334017899351	0.07498993273995112	0.0	0.08583041389450231	0.08917847586832822	0.0	0.057248693105798984	0.1107532898328162	0.04792259496843985	0.06012496328057288	0.09604732686986579	0.0	0.0	0.0	0.0	0.11641815770231953	0.04490218355144873	0.05562384733463507	0.0	0.0	0.0	0.0	0.06011274382372739	0.042718204149755294	0.0	0.0466974567004454	0.0	0.0	0.06618188911829144	0.04471713638294886	
0.0	0.0	0.04706190236347636	0.0	0.0	0.0	0.0	0.0	0.0	0.0	0.0	0.0	0.0	0.0	0.0	0.047078619883219416	0.04731901452397629	0.0	0.0	0.0	0.0	0.0	0.07004949599204323	0.0	0.0	0.0	0.0	0.05977206939842359	0.0	0.0	0.0	0.0	0.0	0.0	0.0	0.0	0.0	0.0	0.0	0.0	0.0	0.0	0.0	0.0	0.0	0.0	0.0	0.0	0.0	0.0	0.0	0.0	0.0	0.0	0.0	0.0	0.0	0.0	0.0	0.04221774245182178	0.0	0.0	0.0	0.0	0.0	0.0	0.0	0.0	
0.0	0.0	0.0	0.0	0.0	0.0	0.0	0.0	0.0634086289404219	0.0	0.0	0.0	0.0	0.04284468339916986	0.0	0.07131872387406772	0.044150847710831866	0.0	0.0	0.0	0.0	0.0	0.0	0.0	0.0	0.05299748539929341	0.04380040983291574	0.04485404583528237	0.042759618047833674	0.0	0.0	0.053825660212375295	0.0	0.043663721272151026	0.0	0.0	0.0	0.0	0.0	0.0	0.0	0.0	0.0	0.0	0.0	0.0	0.0	0.0	0.0	0.05224170568770187	0.0	0.0	0.0	0.0	0.0	0.10180400317352105	0.0	0.0	0.04852460786528443	0.0	0.05083440720312736	0.0	0.0	0.042533430755148705	0.0	0.0	0.0	0.0	
0.0	0.0	0.0	0.0	0.04203580563778514	0.0	0.0	0.0	0.0	0.0	0.0	0.04671920911810929	0.0	0.0	0.04218579760043994	0.0	0.053822137303569696	0.0	0.0	0.04275470993618391	0.07004949599204323	0.0	0.0	0.048187061336177076	0.0	0.0	0.04220663625142632	0.0	0.0	0.0457579788006497	0.0	0.04286757390551424	0.0	0.0	0.0	0.0	0.0	0.0	0.0	0.0	0.0	0.0	0.042828035722134956	0.0	0.0	0.0	0.0	0.0	0.0	0.0	0.0	0.0	0.04358739178689185	0.0	0.0	0.04571143018847119	0.0	0.0	0.0	0.0	0.0	0.0	0.0	0.0	0.0	0.0	0.0	0.04229032007778058	
0.04648948188299401	0.0	0.0	0.06639993783204108	0.08381224767647687	0.06687130520656591	0.045829867810114576	0.06937526656338651	0.0	0.0	0.0	0.0555741327589922	0.0	0.07285708165901796	0.07754541436933486	0.0	0.0	0.0	0.0	0.04627922328953201	0.0	0.0	0.048187061336177076	0.0	0.0	0.0	0.0	0.05035648056438393	0.0615467972719876	0.04543413239350844	0.0	0.06308994706256117	0.05102976114611498	0.0	0.0	0.0	0.0	0.06956902617749074	0.07238470887815517	0.042504033077442056	0.0544389043493729	0.0	0.06360872701299448	0.051944476058124696	0.0698392444058486	0.0	0.06415959119311006	0.0	0.0	0.0	0.04399835863924551	0.0	0.0	0.0	0.0	0.0	0.0	0.053017719759615466	0.0	0.0569246901318608	0.0	0.05337230979124814	0.0	0.0	0.04344533860403548	0.0	0.0	0.05923871725945894	
0.04236953444767285	0.0	0.050229342438839926	0.0	0.0	0.0	0.0	0.0	0.0	0.0	0.0609777246238003	0.0	0.10430511050501518	0.0	0.0	0.0524186426523602	0.0	0.0	0.04643666337561097	0.0	0.0	0.0	0.0	0.0	0.0	0.0667454752466175	0.06072982047390729	0.0	0.0	0.0	0.0	0.0	0.0	0.0	0.05774182490206468	0.04414453115509928	0.0	0.0	0.0495577694913039	0.047605395613643034	0.0	0.051709622901428685	0.04270810207111105	0.0	0.05958195463718212	0.047250147739703055	0.08873934559130052	0.04948296552629906	0.05134970237446515	0.06855806124941723	0.044733548104006274	0.056694831484824855	0.04473750003654959	0.0	0.0	0.0	0.0	0.0	0.08974568395967326	0.0	0.07048775654573594	0.0	0.0	0.0	0.0	0.0	0.053527621612055556	0.06324997783417599	
0.0	0.0	0.0473293295286091	0.0	0.04503876990588635	0.0	0.0	0.0	0.0	0.0	0.04988501488672194	0.0	0.054201577399050516	0.05489020954093756	0.042136278792212496	0.050286668409056295	0.0	0.0	0.06603960450147767	0.0	0.0	0.05299748539929341	0.0	0.0	0.0667454752466175	0.0	0.0	0.0	0.05353526689971365	0.0	0.04609907228209529	0.044551754966622635	0.0	0.0	0.0	0.0	0.0	0.0	0.0	0.0	0.0	0.0	0.0	0.0	0.0	0.0	0.0	0.0	0.0	0.0	0.0	0.0	0.0	0.0	0.04206990300974819	0.05012949026010408	0.0	0.0	0.04273321949938229	0.0	0.0	0.0	0.0	0.0	0.0	0.0	0.0	0.0	
0.0	0.0	0.0	0.05757547807243485	0.0	0.04526998837827709	0.0	0.0	0.0	0.06509621700978518	0.0	0.051649075218481395	0.042272052994927305	0.0	0.0	0.06035002772331385	0.0	0.0	0.0	0.04906197231759955	0.0	0.04380040983291574	0.04220663625142632	0.0	0.06072982047390729	0.0	0.0	0.0	0.0	0.0	0.0	0.0	0.0	0.0	0.061102776784756924	0.05040459030948484	0.04466625388612133	0.0	0.051711155540721476	0.06368631675666639	0.0	0.06375403598364983	0.0	0.0	0.05103771631336297	0.051371460747713676	0.051742719840338625	0.06256782247003216	0.06100669033131992	0.09148763823413986	0.0	0.04744246995557849	0.0	0.048020865646355486	0.06247813155270223	0.0	0.06910221310269404	0.0	0.06892942730438839	0.0	0.09209527591755769	0.04395808821326247	0.0	0.0	0.0	0.0	0.05147076971646033	0.05356526880576043	
0.0	0.0	0.0	0.0	0.0	0.0	0.0	0.0	0.0	0.0	0.0	0.0	0.0	0.0	0.0	0.050787632412801195	0.0	0.0	0.0	0.0	0.05977206939842359	0.04485404583528237	0.0	0.05035648056438393	0.0	0.0	0.0	0.0	0.0	0.0	0.0	0.0	0.0	0.0	0.0	0.0	0.0	0.0	0.0	0.0	0.0	0.0	0.0	0.0	0.0	0.0	0.0	0.046442676928743674	0.042535157475599224	0.0	0.0	0.0	0.0	0.0	0.0	0.0	0.0	0.0	0.0	0.0	0.0	0.0	0.0	0.0	0.0	0.0	0.0	0.0	
0.04592132576454995	0.0	0.0	0.0	0.05182667583800092	0.06006584940557424	0.0	0.0	0.0	0.0	0.0	0.0	0.0	0.0679090537807977	0.04360861056783709	0.0	0.053843384391126244	0.04526572636248938	0.08397869718055609	0.0	0.0	0.042759618047833674	0.0	0.0615467972719876	0.0	0.05353526689971365	0.0	0.0	0.0	0.04234184034054485	0.0	0.08433121315503378	0.0	0.0	0.0	0.0	0.0	0.0	0.06763943497035775	0.04641781156944654	0.0	0.0	0.05674874805393126	0.0	0.0	0.0	0.0	0.049333620487021446	0.0	0.0	0.04959354284258038	0.0	0.0	0.0	0.0	0.04224308192567257	0.0	0.0	0.0	0.0	0.0	0.0	0.0	0.0	0.0	0.043408125361329396	0.0	0.05153872098712028	
0.04208833702092166	0.0	0.0	0.058325184984572634	0.0	0.05194845045287507	0.0	0.04542709879291655	0.0	0.0	0.0	0.0	0.0	0.04545861514548323	0.04377940925171171	0.0	0.0	0.0	0.0	0.0	0.0	0.0	0.0457579788006497	0.04543413239350844	0.0	0.0	0.0	0.0	0.04234184034054485	0.0	0.0	0.0	0.042184384799979546	0.0	0.0	0.0	0.04679258707339301	0.047779867932565626	0.0	0.04618534605630873	0.0	0.0	0.043747405089143106	0.0	0.04222661767402754	0.0	0.0	0.05671591418567198	0.0	0.0	0.0451419090146356	0.0	0.0453692849906737	0.0	0.0	0.0	0.0	0.057548212080137974	0.0	0.0	0.0	0.0	0.0433416314544297	0.0471945881684214	0.0	0.0	0.0	0.0	
0.0	0.0	0.0	0.0	0.04354756482883852	0.04901989326078391	0.0	0.047336460184453234	0.0	0.0	0.06043648756982374	0.0	0.043517006384221284	0.047570673647535096	0.0	0.0	0.0	0.0	0.0	0.0	0.0	0.0	0.0	0.0	0.0	0.04609907228209529	0.0	0.0	0.0	0.0	0.0	0.052240391287685546	0.0	0.0	0.0	0.0	0.0	0.04330983649106409	0.0	0.0	0.0	0.0	0.0	0.042875352388206674	0.05189942213892734	0.0	0.0	0.0	0.0	0.0	0.0	0.0	0.0	0.0	0.0	0.0	0.050271266611000336	0.05514739456769671	0.0	0.0	0.0	0.04809198282791589	0.042738931971690514	0.0	0.10200395446730946	0.04476618505891013	0.0	0.0	
0.0	0.05337228499971094	0.0	0.048095148411105584	0.07316872626965171	0.058424313367881814	0.0	0.04983444393440685	0.044918716831664894	0.0	0.0	0.05274000368203453	0.0	0.07115802315590833	0.05255493968899133	0.0	0.0	0.06757556603649739	0.06463302540859295	0.049613281756120516	0.0	0.053825660212375295	0.04286757390551424	0.06308994706256117	0.0	0.044551754966622635	0.0	0.0	0.08433121315503378	0.0	0.052240391287685546	0.0	0.0	0.0	0.053211249540511686	0.050694980478070646	0.0	0.0441525954617356	0.0825349310810113	0.046454116493925494	0.0	0.048937696126479364	0.055285165891133956	0.0	0.0	0.0459232661564819	0.04702384693451002	0.04393963904541491	0.04739914851264404	0.0	0.04713302425196897	0.0	0.0	0.0	0.0	0.054858352823336384	0.0	0.05111555387832222	0.0	0.0	0.0	0.0	0.0	0.045543820035256644	0.05394039023724201	0.0	0.044869797326776845	0.05075648923288686	
0.05389879383078208	0.0	0.0	0.0	0.05328789049943988	0.05933459909141837	0.0	0.048041753746951334	0.0	0.0	0.04934009896168355	0.05475189446522353	0.0	0.05253140892271647	0.06484738389216467	0.0	0.0	0.047045952784119764	0.0	0.0	0.0	0.0	0.0	0.05102976114611498	0.0	0.0	0.0	0.0	0.0	0.042184384799979546	0.0	0.0	0.0	0.0	0.0	0.0	0.0	0.044090266541291584	0.0	0.0	0.0	0.0	0.049444269034385854	0.0	0.04499582849851109	0.0	0.042872906002017215	0.0	0.0	0.0	0.0	0.04451440884914782	0.04675614986426739	0.0	0.0	0.0	0.0	0.0	0.0	0.05636985898528644	0.0	0.0	0.0	0.0	0.0	0.0	0.0	0.0	
0.0	0.045889335719943226	0.04220709616436544	0.0	0.0	0.0	0.0	0.0	0.0	0.0	0.0	0.04272207460302263	0.0	0.0	0.0	0.0	0.0	0.04522218065405533	0.0	0.0	0.0	0.043663721272151026	0.0	0.0	0.0	0.0	0.0	0.0	0.0	0.0	0.0	0.0	0.0	0.0	0.0	0.0465661200578048	0.0	0.0	0.0	0.0	0.0	0.0	0.0	0.0	0.0	0.0	0.04308093977850249	0.0	0.0	0.0	0.0	0.0	0.04375555231954185	0.0	0.0	0.0	0.0	0.0	0.0	0.0	0.0	0.0	0.0	0.0	0.0	0.04421202766297882	0.0	0.0	
0.0	0.0	0.0	0.050152908787059934	0.05263087113462653	0.047639811325733104	0.0	0.05199271356506373	0.0	0.0	0.0	0.07524941711373175	0.0	0.04772779655408065	0.052598011370851155	0.0	0.0	0.0	0.0	0.061092370301917	0.0	0.0	0.0	0.0	0.05774182490206468	0.0	0.061102776784756924	0.0	0.0	0.0	0.0	0.053211249540511686	0.0	0.0	0.0	0.04571453096055348	0.04327648674059084	0.0	0.08653696980938427	0.11150251516846674	0.04839317770826404	0.09581985647593756	0.04787261282492639	0.0	0.09515194060513028	0.08807312008418818	0.07511666624776264	0.09104543522989837	0.11446794670504185	0.06895103029275967	0.04203075957497159	0.06324796927666594	0.0	0.06621048673246793	0.05103421205914074	0.0	0.047895429018144926	0.0	0.043033994587735096	0.04440776339803405	0.06247302488015763	0.0	0.0	0.04597652830400914	0.0	0.0	0.09740528888923072	0.06851718426997501	
0.0	0.09394036073294357	0.055623275423429146	0.051486078666974015	0.0	0.048369577694219	0.0	0.0	0.0	0.0	0.0	0.04265451287670617	0.0	0.0	0.042761569453977834	0.0	0.05121552302910703	0.04776180917859232	0.0	0.04690429271253547	0.0	0.0	0.0	0.0	0.04414453115509928	0.0	0.05040459030948484	0.0	0.0	0.0	0.0	0.050694980478070646	0.0	0.0465661200578048	0.04571453096055348	0.0	0.06487565593821848	0.04480983949140564	0.0	0.05973486563482611	0.04275485757517565	0.048929658152421715	0.0	0.0	0.0	0.05824002021626045	0.0	0.06657311174956883	0.05666777333697029	0.04742216653063186	0.0	0.0	0.0	0.0499913659536384	0.05815157507455803	0.05187791421096265	0.06027593448563763	0.0	0.0	0.0	0.053034759457639	0.0	0.04598093858262995	0.05963043960648388	0.0	0.06235978221799022	0.06180234535722186	0.0	
0.0	0.05490086849759741	0.0	0.06023360726847885	0.0	0.046133055278028634	0.0	0.0	0.0	0.050305707178461535	0.0	0.0	0.0	0.0	0.0	0.0	0.04944990604382552	0.0	0.0	0.0	0.0	0.0	0.0	0.0	0.0	0.0	0.04466625388612133	0.0	0.0	0.04679258707339301	0.0	0.0	0.0	0.0	0.04327648674059084	0.06487565593821848	0.0	0.044492290281594876	0.0	0.05278815629784031	0.0	0.04270767437314856	0.0	0.0	0.0	0.0	0.0	0.05706990277932982	0.04515654303446216	0.0	0.0	0.0	0.0	0.043566345983088096	0.0	0.051702416362722214	0.0	0.04730724431495391	0.0	0.0	0.05167118238655527	0.0	0.0	0.0	0.0	0.0	0.04572020417802723	0.0	
0.06624405136248211	0.0	0.0	0.11582389973457555	0.08820777943703587	0.10357717657361167	0.0	0.09118643697818397	0.0	0.0	0.0	0.07207168555899042	0.0	0.08392540036457012	0.10513220166440268	0.0	0.0	0.0	0.0	0.04848168216354971	0.0	0.0	0.0	0.06956902617749074	0.0	0.0	0.0	0.0	0.0	0.047779867932565626	0.04330983649106409	0.0441525954617356	0.044090266541291584	0.0	0.0	0.04480983949140564	0.044492290281594876	0.0	0.06027480187347179	0.05366743388337395	0.0	0.0	0.08510116517771187	0.054459916564321316	0.05179017570419756	0.0	0.0	0.04836436838396348	0.0	0.0	0.0	0.0	0.0	0.0	0.0	0.0	0.04236717850655538	0.0	0.0	0.0	0.0	0.0	0.0	0.0	0.0	0.0	0.0	0.04639183052003143	
0.0	0.0	0.0	0.05424755212392538	0.08669073619312927	0.09224502551069592	0.0	0.08606683805074833	0.0	0.042202328300869854	0.0	0.08412960483445958	0.04595283156242029	0.09941434389525373	0.09357728855629695	0.0	0.0	0.0	0.04567973189378184	0.07841334017899351	0.0	0.0	0.0	0.07238470887815517	0.0495577694913039	0.0	0.051711155540721476	0.0	0.06763943497035775	0.0	0.0	0.0825349310810113	0.0	0.0	0.08653696980938427	0.0	0.0	0.06027480187347179	0.0	0.05237495082692083	0.05789898152529167	0.10143197840895282	0.09299293007409541	0.05618532863368139	0.08955025488195163	0.08637856402852666	0.09401714652904318	0.048085213341391646	0.07769726535296584	0.07040521846338661	0.04759109962179962	0.0	0.0	0.0813637322070621	0.0	0.043360245646714646	0.04524906046907078	0.048070526815108025	0.04478317854616502	0.0	0.0655413677756834	0.05058198647874727	0.05395673480762756	0.045814295170774025	0.0	0.0	0.044531857103020045	0.09005692236439027	
0.04511171304163671	0.0	0.0	0.08027075183467007	0.0	0.10938907017804747	0.0	0.05400669213587052	0.049439573002940204	0.057046768970962135	0.0	0.0	0.0	0.06725694344965079	0.04859558476182523	0.0	0.0	0.0	0.0	0.07498993273995112	0.0	0.0	0.0	0.042504033077442056	0.047605395613643034	0.0	0.06368631675666639	0.0	0.04641781156944654	0.04618534605630873	0.0	0.046454116493925494	0.0	0.0	0.11150251516846674	0.05973486563482611	0.05278815629784031	0.05366743388337395	0.05237495082692083	0.0	0.0	0.10373755786358964	0.0	0.0	0.07298706388707803	0.10855192876980833	0.048039245116735525	0.0922555459505632	0.12357696153819359	0.04465500776270977	0.0	0.0	0.0	0.09940208594031319	0.05605874744405798	0.0	0.05814100936648383	0.0	0.0	0.0	0.06877013674979464	0.0	0.05244971293392388	0.05339256124096279	0.0	0.06956306525692232	0.08862267014742757	0.05242307229923927	
0.0459241957074229	0.0	0.0	0.0	0.04519677520762178	0.043301246722147926	0.0	0.05570359673746862	0.0	0.0	0.0	0.0	0.0	0.0519014261158893	0.0529610931372286	0.0	0.0	0.0	0.0	0.0	0.0	0.0	0.0	0.0544389043493729	0.0	0.0	0.0	0.0	0.0	0.0	0.0	0.0	0.0	0.0	0.04839317770826404	0.04275485757517565	0.0	0.0	0.05789898152529167	0.0	0.0	0.04514394924505727	0.0	0.0	0.06463034332685846	0.0	0.0	0.0	0.0	0.0	0.0	0.044793586920906424	0.0	0.0	0.0	0.0	0.0	0.04911232664217343	0.0	0.043237795113996835	0.0	0.06214861168743099	0.04831813874016797	0.04654426614777904	0.0	0.0	0.0	0.054717652113181324	
0.044643144215731095	0.0	0.0	0.05949120037310946	0.060503078018690544	0.060278786017152405	0.0	0.050561116637564976	0.051518630063861884	0.043986124987876435	0.0	0.08236766784167965	0.043556361251399	0.04936076420385559	0.0630510331634143	0.0	0.0	0.0	0.0	0.08583041389450231	0.0	0.0	0.0	0.0	0.051709622901428685	0.0	0.06375403598364983	0.0	0.0	0.0	0.0	0.048937696126479364	0.0	0.0	0.09581985647593756	0.048929658152421715	0.04270767437314856	0.0	0.10143197840895282	0.10373755786358964	0.04514394924505727	0.0	0.048542660414172344	0.0	0.10053260684225343	0.08994744074274423	0.07458343313163647	0.07826643456492934	0.09686432722882558	0.06255999915393898	0.04826688367317541	0.04280297783741983	0.0	0.0864263142055721	0.04692424245351328	0.0	0.06243601365591684	0.0	0.042328294935317284	0.0	0.07398158505658815	0.0	0.0	0.0658059992083576	0.0	0.0	0.06521352360165324	0.08392156594994736	
0.06465631609127541	0.0	0.0	0.0535034256087717	0.08971906640358122	0.09538244475228742	0.0	0.08552640004190433	0.0	0.0	0.0	0.10662428606526289	0.0	0.1004239467723805	0.10463963324827592	0.0	0.0	0.0	0.04277101005854363	0.08917847586832822	0.0	0.0	0.042828035722134956	0.06360872701299448	0.04270810207111105	0.0	0.0	0.0	0.05674874805393126	0.043747405089143106	0.0	0.055285165891133956	0.049444269034385854	0.0	0.04787261282492639	0.0	0.0	0.08510116517771187	0.09299293007409541	0.0	0.0	0.048542660414172344	0.0	0.05151403332450378	0.04346914562912484	0.0788113751537164	0.06209909133577472	0.0	0.0511119980881731	0.05118700338336921	0.04392925077086191	0.0	0.0	0.08168903332651914	0.0	0.05009518425404519	0.0	0.0	0.0	0.0	0.05180335354787848	0.0	0.0	0.0	0.0	0.0	0.0	0.05890001374599981	
0.05147312274371199	0.0	0.045996762431239575	0.0	0.0	0.04404584344293738	0.04205592768399854	0.0	0.0	0.0	0.0	0.045762788817806564	0.0	0.0	0.045033820262620976	0.0	0.0	0.0	0.0	0.0	0.0	0.0	0.0	0.051944476058124696	0.0	0.0	0.0	0.0	0.0	0.0	0.042875352388206674	0.0	0.0	0.0	0.0	0.0	0.0	0.054459916564321316	0.05618532863368139	0.0	0.0	0.0	0.05151403332450378	0.0	0.056081932387660675	0.05527292793917554	0.051510432305974393	0.0	0.0	0.0	0.043071164395101905	0.0456876967271092	0.0	0.056373555331539114	0.0	0.0	0.0	0.0	0.0	0.0	0.0	0.0	0.0	0.0	0.04451579457389862	0.0	0.0	0.04216785757819317	
0.053111048833681965	0.0	0.0	0.04690712698663612	0.05521192113704564	0.07520782416885939	0.0	0.06683379728766194	0.0	0.0	0.0	0.0622052783347181	0.042543862639615466	0.06546179624745532	0.07739135415849469	0.04202805259434977	0.0	0.0	0.0	0.057248693105798984	0.0	0.0	0.0	0.0698392444058486	0.05958195463718212	0.0	0.05103771631336297	0.0	0.0	0.04222661767402754	0.05189942213892734	0.0	0.04499582849851109	0.0	0.09515194060513028	0.0	0.0	0.05179017570419756	0.08955025488195163	0.07298706388707803	0.06463034332685846	0.10053260684225343	0.04346914562912484	0.056081932387660675	0.0	0.08089710299494277	0.09803788412873826	0.0460853623584515	0.08741084263803137	0.0701347521729664	0.05573183078433722	0.06398532329912886	0.0	0.07310524009688277	0.0	0.0	0.0	0.0	0.05431543571650467	0.0	0.05951650796121661	0.04831720158624177	0.0	0.04823679020113084	0.0491276469286898	0.0	0.04714212853145594	0.09621986584093256	
0.0	0.0	0.0	0.04487401293618867	0.06929567682095365	0.05141082766065241	0.0	0.05039681614733127	0.0655469625087921	0.0	0.0	0.1168072888788068	0.0	0.05436120313109474	0.06950003998783728	0.0	0.0	0.0	0.0	0.1107532898328162	0.0	0.0	0.0	0.0	0.047250147739703055	0.0	0.051371460747713676	0.0	0.0	0.0	0.0	0.0459232661564819	0.0	0.0	0.08807312008418818	0.05824002021626045	0.0	0.0	0.08637856402852666	0.10855192876980833	0.0	0.08994744074274423	0.0788113751537164	0.05527292793917554	0.08089710299494277	0.0	0.06647317943487109	0.10139454158557146	0.10533202738333568	0.049754731447132904	0.04804503830384809	0.04528200135169117	0.0	0.09044588660458311	0.048788095765214604	0.044787068709151945	0.06252970825329411	0.0	0.0	0.0	0.06719947826639318	0.0	0.0	0.05291388848534463	0.0	0.0497501087011398	0.08839521612967113	0.054968929289324044	
0.0	0.0	0.0	0.0	0.055429709948304776	0.0	0.0	0.0562050436682605	0.0	0.0	0.0	0.06133260806675646	0.07140846987703857	0.04420642824128894	0.05170721810923734	0.049019711012862094	0.0	0.0	0.0	0.04792259496843985	0.0	0.0	0.0	0.06415959119311006	0.08873934559130052	0.0	0.051742719840338625	0.0	0.0	0.0	0.0	0.04702384693451002	0.042872906002017215	0.04308093977850249	0.07511666624776264	0.0	0.0	0.0	0.09401714652904318	0.048039245116735525	0.0	0.07458343313163647	0.06209909133577472	0.051510432305974393	0.09803788412873826	0.06647317943487109	0.0	0.0	0.06775565482060956	0.08240593494609559	0.05538763519377267	0.09236287487373628	0.0	0.054450424279394054	0.0	0.0	0.0	0.0	0.06274385233363058	0.05751407590976193	0.069683163874445	0.0	0.0	0.05290296464935992	0.0	0.0	0.05352251580852165	0.0887291497661066	
0.04492187576897257	0.04602467095585223	0.0	0.0749293287411098	0.0	0.08338942608750706	0.0	0.04434046172586401	0.05295987994831342	0.06338338552645842	0.0	0.0	0.0	0.0541291554344292	0.0	0.0	0.0	0.0	0.0	0.06012496328057288	0.0	0.0	0.0	0.0	0.04948296552629906	0.0	0.06256782247003216	0.046442676928743674	0.049333620487021446	0.05671591418567198	0.0	0.04393963904541491	0.0	0.0	0.09104543522989837	0.06657311174956883	0.05706990277932982	0.04836436838396348	0.048085213341391646	0.0922555459505632	0.0	0.07826643456492934	0.0	0.0	0.0460853623584515	0.10139454158557146	0.0	0.0	0.10994681591260282	0.0	0.0	0.0	0.04258253217056103	0.09836341908144128	0.05142479955789819	0.043941194330937405	0.057888214194720615	0.0	0.0	0.0	0.06570559555067626	0.046084123283398934	0.07157172549009913	0.044449683398606825	0.0	0.09077088637545218	0.10754787611372714	0.045272448624892866	
0.043484947403445946	0.0440672654651551	0.0	0.054814886715516056	0.055312025459401545	0.05603177487872745	0.0	0.043429742004017745	0.054073922347780384	0.04898098285439745	0.0	0.09083235472918655	0.0	0.043988799059429144	0.053513933208328	0.0	0.0	0.0	0.0	0.09604732686986579	0.0	0.0	0.0	0.0	0.05134970237446515	0.0	0.06100669033131992	0.042535157475599224	0.0	0.0	0.0	0.04739914851264404	0.0	0.0	0.11446794670504185	0.05666777333697029	0.04515654303446216	0.0	0.07769726535296584	0.12357696153819359	0.0	0.09686432722882558	0.0511119980881731	0.0	0.08741084263803137	0.10533202738333568	0.06775565482060956	0.10994681591260282	0.0	0.05594167909324238	0.0	0.04677003948040506	0.0	0.09194292164526499	0.053857157533063374	0.0	0.07138821982976844	0.0	0.0	0.0	0.06490452866395889	0.0	0.0	0.06280711190974868	0.0	0.05727475829619084	0.09623600874352525	0.060958607774788065	
0.0	0.0	0.0	0.0	0.0	0.0	0.0	0.051937400261498165	0.0	0.0	0.0	0.05305594991661519	0.04976446645374435	0.0	0.042153655199880506	0.08375747294981022	0.0	0.0	0.0	0.0	0.0	0.05224170568770187	0.0	0.0	0.06855806124941723	0.0	0.09148763823413986	0.0	0.0	0.0	0.0	0.0	0.0	0.0	0.06895103029275967	0.04742216653063186	0.0	0.0	0.07040521846338661	0.04465500776270977	0.0	0.06255999915393898	0.05118700338336921	0.0	0.0701347521729664	0.049754731447132904	0.08240593494609559	0.0	0.05594167909324238	0.0	0.05711259847809589	0.06099921829434106	0.0	0.04645677310664416	0.04691273455176224	0.0	0.0488457134923483	0.0	0.0757707834395512	0.0	0.1038186486012513	0.0473391824213617	0.0	0.0	0.0	0.0	0.0	0.06469301431833134	
0.0	0.0	0.0	0.0	0.049757320560532864	0.0	0.0	0.06876150625020534	0.05140244279997373	0.0	0.0	0.05210529859733845	0.0	0.0	0.05023340157592359	0.0	0.061860417082985404	0.0	0.04461033700340102	0.0	0.0	0.0	0.0	0.04399835863924551	0.044733548104006274	0.0	0.0	0.0	0.04959354284258038	0.0451419090146356	0.0	0.04713302425196897	0.0	0.0	0.04203075957497159	0.0	0.0	0.0	0.04759109962179962	0.0	0.0	0.04826688367317541	0.04392925077086191	0.043071164395101905	0.05573183078433722	0.04804503830384809	0.05538763519377267	0.0	0.0	0.05711259847809589	0.0	0.06578710196672244	0.0	0.0	0.0	0.0	0.0	0.0	0.0	0.0	0.0	0.0	0.0	0.058481401432434126	0.0	0.0	0.0	0.0	
0.0	0.0	0.0	0.0	0.0	0.0	0.0	0.04590057925898841	0.0	0.0	0.0	0.04359721850493577	0.045716283812523385	0.0	0.0	0.0	0.0	0.0	0.0	0.0	0.0	0.0	0.0	0.0	0.056694831484824855	0.0	0.04744246995557849	0.0	0.0	0.0	0.0	0.0	0.04451440884914782	0.0	0.06324796927666594	0.0	0.0	0.0	0.0	0.0	0.044793586920906424	0.04280297783741983	0.0	0.0456876967271092	0.06398532329912886	0.04528200135169117	0.09236287487373628	0.0	0.04677003948040506	0.06099921829434106	0.06578710196672244	0.0	0.07320886272810602	0.0	0.0	0.0	0.0	0.0	0.05617320669806052	0.08220060838565779	0.0464033029770212	0.0	0.0	0.05644725654023219	0.0	0.05267731376611716	0.0506873908433098	0.042778078601847534	
0.0	0.0	0.0	0.0	0.0	0.0	0.0	0.0	0.0	0.0	0.0	0.0	0.0	0.0	0.0	0.0	0.044073245944316566	0.0	0.0	0.0	0.0	0.0	0.04358739178689185	0.0	0.04473750003654959	0.0	0.0	0.0	0.0	0.0453692849906737	0.0	0.0	0.04675614986426739	0.04375555231954185	0.0	0.0	0.0	0.0	0.0	0.0	0.0	0.0	0.0	0.0	0.0	0.0	0.0	0.04258253217056103	0.0	0.0	0.0	0.07320886272810602	0.0	0.0	0.055140867734485094	0.0	0.042401178393996014	0.0	0.04515404189338017	0.09444419366438786	0.0	0.0	0.07972565254164009	0.04677367560044506	0.0	0.08724383163875755	0.05073666555032416	0.0	
0.0	0.04203041334890943	0.0	0.057388795211117	0.06290977916171395	0.055149470855941025	0.0	0.050093719790473244	0.052289186004173184	0.04714157733295861	0.0	0.11483881845854946	0.0	0.05340985648773351	0.07071942345168714	0.0	0.0	0.0	0.0	0.11641815770231953	0.0	0.0	0.0	0.0	0.0	0.0	0.048020865646355486	0.0	0.0	0.0	0.0	0.0	0.0	0.0	0.06621048673246793	0.0499913659536384	0.043566345983088096	0.0	0.0813637322070621	0.09940208594031319	0.0	0.0864263142055721	0.08168903332651914	0.056373555331539114	0.07310524009688277	0.09044588660458311	0.054450424279394054	0.09836341908144128	0.09194292164526499	0.04645677310664416	0.0	0.0	0.0	0.0	0.0	0.0	0.045551255717850056	0.04662456300264902	0.0	0.0	0.07664821221848653	0.06748770942379412	0.0	0.0	0.0	0.0	0.07227182078520601	0.053290165947478096	
0.0	0.05103596755956453	0.0	0.0	0.0	0.0	0.0	0.0	0.0	0.0	0.0	0.0	0.0	0.0	0.0	0.0	0.0	0.0	0.04213620765366853	0.04490218355144873	0.0	0.0	0.0	0.0	0.0	0.04206990300974819	0.06247813155270223	0.0	0.0	0.0	0.0	0.0	0.0	0.0	0.05103421205914074	0.05815157507455803	0.0	0.0	0.0	0.05605874744405798	0.0	0.04692424245351328	0.0	0.0	0.0	0.048788095765214604	0.0	0.05142479955789819	0.053857157533063374	0.04691273455176224	0.0	0.0	0.055140867734485094	0.0	0.0	0.0	0.10343528123784444	0.0	0.0	0.0	0.0	0.0	0.044640563765896875	0.04232988540554365	0.0	0.05862469434506354	0.06360923340412492	0.0	
0.0	0.05056666292638737	0.0	0.04232651977657601	0.05484624190724833	0.0	0.0	0.0	0.07628158965915022	0.042169829721595116	0.0	0.06203308215706591	0.0	0.04423101812181814	0.04252156066501595	0.0	0.04785473170241603	0.0	0.0	0.05562384733463507	0.0	0.10180400317352105	0.04571143018847119	0.0	0.0	0.05012949026010408	0.0	0.0	0.04224308192567257	0.0	0.0	0.054858352823336384	0.0	0.0	0.0	0.05187791421096265	0.051702416362722214	0.0	0.043360245646714646	0.0	0.0	0.0	0.05009518425404519	0.0	0.0	0.044787068709151945	0.0	0.043941194330937405	0.0	0.0	0.0	0.0	0.0	0.0	0.0	0.0	0.0	0.0	0.0	0.0	0.0	0.0	0.04207915079521219	0.04349141665603573	0.0	0.051590310906564366	0.0	0.0	
0.0	0.04529310743061309	0.04493897596115182	0.044599544836378416	0.0	0.04591806121556577	0.0	0.0	0.0	0.04414579687323402	0.0	0.0	0.0	0.0	0.0	0.0	0.0	0.0	0.0	0.0	0.0	0.0	0.0	0.0	0.0	0.0	0.06910221310269404	0.0	0.0	0.0	0.050271266611000336	0.0	0.0	0.0	0.047895429018144926	0.06027593448563763	0.0	0.04236717850655538	0.04524906046907078	0.05814100936648383	0.0	0.06243601365591684	0.0	0.0	0.0	0.06252970825329411	0.0	0.057888214194720615	0.07138821982976844	0.0488457134923483	0.0	0.0	0.042401178393996014	0.045551255717850056	0.10343528123784444	0.0	0.0	0.0	0.0	0.0	0.04527569450574385	0.0	0.0	0.0	0.043132501701390054	0.05710318715479093	0.054798000823292004	0.0	
0.0	0.0	0.0	0.061497783631142604	0.06251156674594727	0.04821914513278254	0.0	0.06497064479583475	0.0	0.0	0.0	0.04553720854439247	0.0	0.0540524527879281	0.04964918233388105	0.0	0.0	0.0	0.0	0.0	0.0	0.0	0.0	0.053017719759615466	0.0	0.0	0.0	0.0	0.0	0.057548212080137974	0.05514739456769671	0.05111555387832222	0.0	0.0	0.0	0.0	0.04730724431495391	0.0	0.048070526815108025	0.0	0.04911232664217343	0.0	0.0	0.0	0.0	0.0	0.0	0.0	0.0	0.0	0.0	0.0	0.0	0.04662456300264902	0.0	0.0	0.0	0.0	0.0685575770511608	0.04717766351662813	0.06868649138977578	0.09171080688466571	0.0	0.0	0.06579555240843667	0.0	0.0	0.0	
0.0	0.0	0.0	0.04581266817265889	0.0	0.0	0.0	0.04582071856585296	0.0	0.0468152629838239	0.046346258940396595	0.0	0.08606129054965826	0.0	0.0	0.06086727380811139	0.044987758457132966	0.0	0.0	0.0	0.0	0.04852460786528443	0.0	0.0	0.08974568395967326	0.04273321949938229	0.06892942730438839	0.0	0.0	0.0	0.0	0.0	0.0	0.0	0.043033994587735096	0.0	0.0	0.0	0.04478317854616502	0.0	0.0	0.042328294935317284	0.0	0.0	0.05431543571650467	0.0	0.06274385233363058	0.0	0.0	0.0757707834395512	0.0	0.05617320669806052	0.04515404189338017	0.0	0.0	0.0	0.0	0.0685575770511608	0.0	0.0	0.09164600445073491	0.05021670397771366	0.0	0.0	0.05114020429944372	0.04548076799941508	0.0	0.06611787490296078	
