#broad
0.0	0.0	0.0	0.0384041223299121	0.037690391889586346	0.04668973155382321	0.0	0.06595425604016274	0.0	0.0	0.03928352625270187	0.041013741927084894	0.0	0.07325006394718762	0.04875385048712654	0.0	0.036478188794748415	0.0	0.0	0.0	0.0	0.0	0.0	0.03649614780936078	0.0	0.0	0.0	0.0	0.061904496324044114	0.0	0.0	0.0	0.058370872625850743	0.055015692008629574	0.0	0.0	0.0	0.03715336680401285	0.0	0.0	0.0	0.0	0.03661517964280118	0.0	0.0	0.0	0.0	0.0	0.0	0.0	0.0	0.0	0.0	0.0	0.0	0.0	0.0	0.03562004925119342	0.03284958045722741	0.0	0.0	0.0	0.0	0.0	0.0	0.0	0.0	0.0	
0.0	0.0	0.05806462333309599	0.0	0.03538348675536221	0.0	0.0	0.0	0.0	0.0	0.0	0.0	0.0	0.0	0.0	0.0	0.0	0.0	0.0	0.0	0.0	0.0	0.0	0.0	0.0	0.0	0.0	0.0	0.0	0.0	0.0	0.04329144485370366	0.0	0.0	0.0	0.09549799137392201	0.034361127101022126	0.0	0.0	0.0	0.03986944591949575	0.0	0.0	0.0	0.0	0.0	0.0	0.0	0.0	0.0	0.0	0.0	0.0	0.0	0.039618384386521856	0.032848623745720285	0.0	0.0	0.0	0.0	0.0	0.0	0.0	0.046362762113596266	0.0	0.035334121383915465	0.0	0.03447806673153281	
0.0	0.05806462333309599	0.0	0.0	0.03289934352957847	0.0	0.0	0.0	0.0	0.0	0.0	0.0	0.0	0.0	0.0	0.0	0.0	0.0	0.0	0.0	0.0	0.0	0.0	0.0	0.0	0.0	0.0	0.0	0.0	0.0	0.0	0.0	0.03338741136790093	0.0	0.0	0.04376244615463655	0.0	0.0	0.0	0.0	0.0	0.0	0.0	0.0	0.0	0.0	0.0	0.0	0.0	0.0	0.0	0.0	0.0	0.0	0.0	0.0	0.0	0.0	0.03360592118818807	0.0	0.0	0.0	0.0	0.03934986463576625	0.0	0.0	0.0	0.0	
0.0384041223299121	0.0	0.0	0.0	0.04503414654470347	0.04957066719182749	0.041746814876138516	0.0398558074770118	0.0	0.03292146930302002	0.0	0.03605817503048185	0.0	0.044654977286710876	0.045941164218624195	0.0	0.036378857098205056	0.0	0.0	0.052258986662310256	0.0	0.0	0.03703114520903468	0.05290355376555255	0.03538951248408882	0.032990725491120754	0.0	0.0	0.03838173682064883	0.06044972192276429	0.034719153710306386	0.03307864498509016	0.03483674319349479	0.0	0.03933744278952215	0.0	0.034172063744565266	0.11233957148815868	0.03749067766516032	0.048626774504799915	0.04682573255767748	0.040000842369247766	0.036611230402317	0.0	0.03517066016514785	0.0	0.0	0.03943656932184998	0.040537160647653725	0.0	0.06029200585657113	0.0	0.0	0.04227582638146446	0.0	0.0	0.0	0.03969398535968405	0.042217325425809964	0.0	0.03284872992226396	0.04461624399738562	0.0	0.051687169281606715	0.03403526320344246	0.0	0.0	0.03949536082741396	
0.037690391889586346	0.03538348675536221	0.03289934352957847	0.04503414654470347	0.0	0.0776993600368288	0.0	0.0844877712876226	0.037103944509974514	0.0	0.0	0.09180212497993405	0.0	0.10098760670558282	0.09248038762165614	0.0	0.03564739733316083	0.0	0.0	0.057054366991374644	0.0	0.037634172999670916	0.0424193144575333	0.04975141358557479	0.0	0.0	0.0	0.0	0.03577142969601175	0.04628877273848085	0.0	0.07001806483689292	0.033308080497428845	0.0383160849814523	0.035856376456354776	0.034582629879086245	0.0	0.045423201085948814	0.07306281946075252	0.05879423019589582	0.035917073725409275	0.033615007014794585	0.0780957766488885	0.03415415284390444	0.03601077443411695	0.044640357087177125	0.042089500106863756	0.03295910596543685	0.03934305214859088	0.0	0.03843542643317261	0.034490209655011775	0.0	0.041790257556014086	0.0	0.04038734748538604	0.0	0.03809784649377869	0.0	0.03780922892109686	0.0	0.0	0.0	0.04574968619002698	0.0	0.0	0.0	0.05137771021072512	
0.04668973155382321	0.0	0.0	0.04957066719182749	0.0776993600368288	0.0	0.0	0.06362577574343449	0.0	0.03857658917234128	0.03431829524521842	0.08754036103185099	0.0	0.0789363603464043	0.09999433009055032	0.0	0.03355463481167383	0.03472597855084638	0.0	0.051581397277875675	0.0	0.0	0.03334061881545525	0.045864547899387716	0.0	0.0	0.0	0.0	0.03929299243760364	0.04362967260453448	0.0	0.036556108470821455	0.04101121316760256	0.0	0.0	0.0	0.0	0.052135353725672844	0.05246795913416406	0.0794311392756342	0.03713058916334644	0.037314979823978855	0.07435476094250984	0.036965720903616744	0.03999116821457556	0.0	0.0362517710655516	0.05498240948246687	0.04000903922727498	0.0	0.036709847850845655	0.0	0.0	0.0	0.0	0.0	0.0	0.03303091147535123	0.0	0.0	0.0	0.0	0.0	0.04456842327455437	0.0	0.0	0.0	0.049314055190810634	
0.0	0.0	0.0	0.041746814876138516	0.0	0.0	0.0	0.0	0.0	0.03993348188720266	0.0	0.0	0.0	0.0	0.0	0.0	0.0	0.0	0.0	0.0	0.0	0.0	0.0	0.03340814015770938	0.0	0.0	0.0	0.0	0.0	0.0	0.0	0.0	0.0	0.0	0.0	0.0	0.0	0.03436886541686191	0.0	0.0	0.033324124500682346	0.0	0.0	0.0	0.0	0.0	0.0	0.0	0.0	0.0	0.0	0.0	0.0	0.0	0.0	0.0	0.0	0.0	0.03703022875831412	0.0	0.0	0.0	0.0	0.0	0.0	0.0	0.0	0.0	
0.06595425604016274	0.0	0.0	0.0398558074770118	0.0844877712876226	0.06362577574343449	0.0	0.0	0.0	0.04517084837688707	0.0	0.08693792095326276	0.0	0.05119452500988835	0.09706739432648753	0.0	0.034154549157470133	0.0	0.0	0.046395358269356285	0.0	0.0	0.03703978025946177	0.0395646137397962	0.0	0.0	0.0	0.0	0.04742643110857083	0.034975656440851155	0.0	0.0	0.0423705224752514	0.035281719974749486	0.03353730410660605	0.0	0.0	0.038064029135029896	0.05127118921688908	0.06269101716682939	0.0	0.034770646466248535	0.0633275945808689	0.03658618785369214	0.03708632921091053	0.03305123660851068	0.035062727305148124	0.0	0.03657063868771812	0.0	0.03801253721409724	0.0	0.0	0.0	0.0	0.0	0.0	0.03426494589210221	0.0	0.0	0.0	0.0	0.0	0.0	0.0	0.0	0.0	0.042409206511637564	
0.0	0.0	0.0	0.0	0.037103944509974514	0.0	0.0	0.0	0.0	0.0	0.0	0.039673318128438974	0.0	0.0	0.0	0.0	0.0	0.03396838378779922	0.0	0.03897856195680531	0.0	0.05420669629569363	0.0	0.0	0.0	0.0	0.0	0.0	0.0	0.0	0.0	0.0	0.0	0.03760058874931808	0.0	0.0	0.0	0.0	0.0	0.042761576707233497	0.0	0.04392646667302736	0.0	0.0	0.0	0.06960338973512602	0.0	0.039720200282853085	0.060415978102737085	0.0	0.0	0.0	0.0	0.04839821341637677	0.0	0.0631931782507412	0.0	0.04816859370093658	0.033778931694083504	0.0	0.0	0.0	0.0	0.0	0.0	0.0	0.03290471389622551	0.0	
0.0	0.0	0.0	0.03292146930302002	0.0	0.03857658917234128	0.03993348188720266	0.04517084837688707	0.0	0.0	0.0	0.034881049454589856	0.0	0.0	0.03894592182739263	0.0	0.0	0.0	0.0	0.03479062017350613	0.0	0.0	0.0	0.033217536259470645	0.0	0.0	0.0	0.0	0.03765564861964286	0.0	0.0	0.0	0.034018772026367064	0.0	0.03508634291566508	0.0	0.0	0.034676592985558634	0.0	0.03593690342768042	0.042602807645086394	0.0	0.0	0.0402619291394362	0.0	0.0	0.0	0.0	0.0	0.0	0.0	0.0	0.0	0.0	0.03294424302392745	0.0	0.03460663167664381	0.04031400051987719	0.0	0.0	0.0	0.04148727419049233	0.0	0.040438636517541385	0.0	0.0	0.0	0.0	
0.03928352625270187	0.0	0.0	0.0	0.0	0.03431829524521842	0.0	0.0	0.0	0.0	0.0	0.0	0.07665716127674706	0.0	0.0	0.0	0.06920528656596406	0.07560476262662223	0.0	0.0	0.0	0.0	0.0	0.0	0.06530315296535448	0.04236940451833063	0.0	0.0	0.035059187964347455	0.034360942066960526	0.06548602773377135	0.0	0.0	0.0	0.0	0.0	0.0	0.0	0.047936458995473934	0.0	0.0	0.0	0.0	0.0	0.0	0.0	0.0	0.0	0.0	0.0	0.0	0.0	0.03665697545447184	0.0	0.0	0.0	0.0	0.0	0.03945674348951542	0.03642997670041802	0.0	0.0	0.0	0.03519906406002399	0.05303570140935265	0.04866006606720214	0.0	0.05809970699778689	
0.041013741927084894	0.0	0.0	0.03605817503048185	0.09180212497993405	0.08754036103185099	0.0	0.08693792095326276	0.039673318128438974	0.034881049454589856	0.0	0.0	0.0	0.07561484689971133	0.10332325547488927	0.0	0.0	0.0	0.0	0.09061243387912174	0.0	0.04363837887435311	0.03900101570577263	0.040999905769117974	0.0	0.0	0.0	0.0	0.0	0.03693833644907264	0.0	0.03496907740556226	0.0	0.0	0.0	0.0	0.0	0.039846593308234333	0.05958295101911344	0.04367917732704868	0.0	0.0418630724525827	0.09404880274060967	0.036916361581176664	0.03758629830980008	0.06310236660630096	0.039241892096816666	0.0	0.0470357617144708	0.0	0.037627816560270304	0.0	0.0	0.06648204564695417	0.0	0.05216309962119641	0.0	0.0	0.0	0.0	0.0	0.0	0.0	0.03605504182108131	0.0	0.0	0.0	0.044321273169705355	
0.0	0.0	0.0	0.0	0.0	0.0	0.0	0.0	0.0	0.0	0.07665716127674706	0.0	0.0	0.0	0.0	0.0	0.0	0.052875635471878256	0.0	0.0	0.0	0.0	0.03980964442546519	0.0	0.09991768705230993	0.07257544035833699	0.0	0.0	0.037335313320895555	0.03342487398721699	0.05483492701458946	0.0	0.0	0.0	0.0	0.0	0.0	0.0	0.038072062931166	0.0	0.0	0.0	0.0	0.0	0.0	0.0	0.07239716543512938	0.0	0.0	0.0	0.0	0.0	0.0	0.0	0.0	0.0	0.0	0.0	0.08252679608410644	0.0	0.03646378303313093	0.0	0.0	0.0	0.0	0.03388457731711966	0.0	0.06153371730016484	
0.07325006394718762	0.0	0.0	0.044654977286710876	0.10098760670558282	0.0789363603464043	0.0	0.05119452500988835	0.0	0.0	0.0	0.07561484689971133	0.0	0.0	0.09561476383444151	0.0	0.0	0.034511306001757086	0.0	0.05062942724023035	0.0	0.03549637558838183	0.03961731332038386	0.04497663929599261	0.033675661566219595	0.0	0.0	0.0	0.07994657885598183	0.04456996530611924	0.0	0.05655425064517242	0.04122691613083224	0.05847320378409255	0.03466951316005647	0.0	0.0	0.042166947958495564	0.06806024620008232	0.044251399956544035	0.035954173497215844	0.0	0.057834183134678745	0.0	0.036336640134303565	0.03761838174408248	0.033207499156235665	0.033571699353814995	0.0	0.0	0.0	0.0	0.0	0.035991353394352235	0.0	0.03802778245831337	0.0	0.037331109902369666	0.0	0.0	0.0	0.0	0.0	0.04134001936770455	0.0	0.0	0.0	0.04559215354385702	
0.04875385048712654	0.0	0.0	0.045941164218624195	0.09248038762165614	0.09999433009055032	0.0	0.09706739432648753	0.0	0.03894592182739263	0.0	0.10332325547488927	0.0	0.09561476383444151	0.0	0.0	0.03690802537307213	0.0	0.0	0.06384346302634045	0.0	0.0	0.03702346699037474	0.05000062991815456	0.0	0.0	0.0	0.0	0.0	0.04342184663289341	0.0	0.03766487318795038	0.03822925429364177	0.0	0.0	0.0	0.0	0.048310261756413	0.058560066515561816	0.06583088039464273	0.03466454481715331	0.03723514879087113	0.08527772560525827	0.03622479814800598	0.04105426598017771	0.04226895913569013	0.04237345914134296	0.03623583183770235	0.040170764604643756	0.0	0.04269926859739623	0.0	0.0	0.040302444320647494	0.0	0.033064501117083936	0.0	0.03568787455803466	0.0	0.03430452271593782	0.0	0.0	0.0	0.04086402785197027	0.0	0.0	0.0	0.04843871562112508	
0.0	0.0	0.0	0.0	0.0	0.0	0.0	0.0	0.0	0.0	0.0	0.0	0.0	0.0	0.0	0.0	0.0	0.0	0.0	0.0	0.04631983950157951	0.06411864836233075	0.0	0.0	0.035453193548593734	0.0	0.04472410461800545	0.0	0.0	0.0	0.0	0.0	0.0	0.0	0.0	0.0	0.03333415181034509	0.0	0.0	0.0	0.0	0.0	0.0	0.0	0.0	0.0	0.0	0.0	0.0	0.07902708807150169	0.0	0.0	0.0	0.0	0.0	0.0	0.0	0.0	0.044690004279480236	0.0	0.0	0.0	0.0	0.0	0.0	0.0	0.0	0.0	
0.036478188794748415	0.0	0.0	0.036378857098205056	0.03564739733316083	0.03355463481167383	0.0	0.034154549157470133	0.0	0.0	0.06920528656596406	0.0	0.0	0.0	0.03690802537307213	0.0	0.0	0.05167376585664517	0.0	0.04006121358972103	0.0	0.0	0.06370261043207348	0.0	0.0	0.0	0.03712794672059653	0.0	0.0	0.06492707078904873	0.0	0.04100406226269497	0.0	0.03327449809186174	0.0	0.0	0.03682705650133789	0.034072250075327194	0.044493103150214604	0.04509096381966912	0.037065147418634856	0.0	0.033586557582447704	0.0	0.03499925241088136	0.0	0.0	0.04420079576718985	0.03523752800514411	0.0	0.057849131710956785	0.040910265225281246	0.03841400509357841	0.0	0.0	0.0	0.0	0.0	0.0	0.03288917962669575	0.0376026858618212	0.04154612006889615	0.0	0.04877970737830029	0.0	0.04902981760627147	0.0	0.06067730108540667	
0.0	0.0	0.0	0.0	0.0	0.03472597855084638	0.0	0.0	0.03396838378779922	0.0	0.07560476262662223	0.0	0.052875635471878256	0.034511306001757086	0.0	0.0	0.05167376585664517	0.0	0.06363664443006724	0.0	0.0	0.0	0.0	0.0	0.0	0.0	0.0	0.0	0.03865280410067853	0.0	0.0	0.059510027980131955	0.0	0.0340830119017049	0.0	0.0	0.0	0.0	0.04484123446530921	0.0	0.0	0.0	0.0	0.0	0.0	0.0	0.0	0.0	0.0	0.0	0.0	0.0	0.0	0.0	0.0	0.03331706923364817	0.0	0.03429887794419249	0.0	0.0	0.0	0.0	0.0	0.0	0.0	0.034385622215368956	0.0	0.03790471870039924	
0.0	0.0	0.0	0.0	0.0	0.0	0.0	0.0	0.0	0.0	0.0	0.0	0.0	0.0	0.0	0.0	0.0	0.06363664443006724	0.0	0.0	0.0	0.0	0.0	0.0	0.0	0.0338031792985461	0.0	0.0	0.051384946671242535	0.0	0.0	0.0471731166503373	0.0	0.0	0.0	0.0	0.0	0.0	0.0	0.0	0.0	0.0	0.0	0.0	0.0	0.0	0.0	0.0	0.0	0.0	0.0	0.0	0.0	0.0	0.0	0.0	0.0	0.0	0.0	0.0	0.0	0.0	0.0	0.0	0.0	0.0	0.0	0.0	
0.0	0.0	0.0	0.052258986662310256	0.057054366991374644	0.051581397277875675	0.0	0.046395358269356285	0.03897856195680531	0.03479062017350613	0.0	0.09061243387912174	0.0	0.05062942724023035	0.06384346302634045	0.0	0.04006121358972103	0.0	0.0	0.0	0.0	0.04838948611335323	0.0643330201879694	0.0	0.03625307086390805	0.0	0.0	0.0	0.0395463855228132	0.06005366492203033	0.0	0.03389232579068224	0.0	0.0	0.042510738288066285	0.03422368087977567	0.036057995801148664	0.04282757219986743	0.053052204575758474	0.03728548986829789	0.04966617744771299	0.04684732979407437	0.07793037196984084	0.0367295199209882	0.039322892571501386	0.07072952638575974	0.037857007834821495	0.0	0.0501949955232839	0.0	0.042427827455923134	0.0	0.0	0.09429401584987604	0.038636701999172365	0.058711905802289424	0.036026054664031436	0.03424031540237843	0.03376646054615367	0.0	0.0	0.0480605890415081	0.0	0.050061302990169705	0.0	0.0	0.034585986067780634	0.04998565103706498	
0.0	0.0	0.0	0.0	0.0	0.0	0.0	0.0	0.0	0.0	0.0	0.0	0.0	0.0	0.0	0.04631983950157951	0.0	0.0	0.0	0.0	0.0	0.03840042364892574	0.06603114926987408	0.0	0.0	0.0	0.0	0.0	0.0	0.04167887511759774	0.0	0.0	0.0	0.0	0.0	0.0	0.0	0.0	0.0	0.0	0.0	0.0	0.0	0.0	0.0	0.0	0.0	0.0	0.0	0.0	0.0	0.0	0.0	0.0	0.0	0.0	0.0	0.0	0.0	0.0	0.0	0.0	0.0	0.0	0.0	0.0	0.0	0.0	
0.0	0.0	0.0	0.0	0.037634172999670916	0.0	0.0	0.0	0.05420669629569363	0.0	0.0	0.04363837887435311	0.0	0.03549637558838183	0.0	0.06411864836233075	0.0	0.0	0.0	0.04838948611335323	0.03840042364892574	0.0	0.03659551558276925	0.033806164141629784	0.0	0.0	0.0	0.03297114974896934	0.0	0.0	0.0	0.04265995024342249	0.0	0.0	0.0	0.0	0.0	0.0	0.034843785529801954	0.0	0.0	0.0	0.04191298121306917	0.0	0.0	0.0	0.0	0.0	0.0	0.05088814490602958	0.0	0.0	0.0	0.0	0.0	0.09493341718334222	0.0	0.0391239270125568	0.033163214431833093	0.0	0.035768873265021484	0.0	0.0	0.0	0.0	0.0	0.0	0.0	
0.0	0.0	0.0	0.03703114520903468	0.0424193144575333	0.03334061881545525	0.0	0.03703978025946177	0.0	0.0	0.0	0.03900101570577263	0.03980964442546519	0.03961731332038386	0.03702346699037474	0.0	0.06370261043207348	0.0	0.0	0.0643330201879694	0.06603114926987408	0.03659551558276925	0.0	0.038006530827222156	0.040752714612808924	0.0	0.0	0.0	0.0	0.07608919969450312	0.0	0.03582200740707486	0.0	0.0	0.0	0.0	0.03911291106651617	0.0	0.037329837081864575	0.037927709647679955	0.052470157504936936	0.0	0.04282405026366188	0.0	0.0	0.0	0.04315543924208378	0.0	0.0	0.0	0.035633895165970986	0.0	0.0	0.03859417708846531	0.03374152831120666	0.03766186534138224	0.03915327701253342	0.0	0.04599873155660653	0.0	0.0	0.03513996024857654	0.0	0.060046846558706436	0.0	0.0	0.0	0.0573973274418221	
0.03649614780936078	0.0	0.0	0.05290355376555255	0.04975141358557479	0.045864547899387716	0.03340814015770938	0.0395646137397962	0.0	0.033217536259470645	0.0	0.040999905769117974	0.0	0.04497663929599261	0.05000062991815456	0.0	0.0	0.0	0.0	0.0	0.0	0.033806164141629784	0.038006530827222156	0.0	0.035786987155068166	0.0	0.0	0.06181284975106311	0.0	0.0	0.04181711677106818	0.04382985867827839	0.03607021834369207	0.0	0.03776989537385903	0.0	0.0	0.060241699842681226	0.048829488844539394	0.03283008142359314	0.04544581675384	0.03487088960797256	0.04952586907693342	0.03317481558869374	0.040322226243264155	0.03343970821864707	0.06289200387619119	0.0	0.033525187330723884	0.0	0.04045393024279791	0.03417139626550468	0.033747353917471384	0.0	0.0	0.03730377630200041	0.0	0.0487072909576623	0.0	0.03897403444983349	0.0	0.0408566709731897	0.0	0.0	0.04026436438299998	0.0	0.0	0.04660169809949613	
0.0	0.0	0.0	0.03538951248408882	0.0	0.0	0.0	0.0	0.0	0.0	0.06530315296535448	0.0	0.09991768705230993	0.033675661566219595	0.0	0.035453193548593734	0.0	0.0	0.0	0.03625307086390805	0.0	0.0	0.040752714612808924	0.035786987155068166	0.0	0.08778421260573997	0.03853352952615414	0.0	0.04475784496373286	0.0	0.07200198023223447	0.03431692794850604	0.0	0.0	0.03406779039250144	0.0	0.0	0.0	0.0	0.0	0.0	0.0	0.0	0.0	0.0	0.0	0.07408502907584229	0.0	0.0	0.043740751397477094	0.0	0.0	0.0	0.0	0.0	0.0	0.0	0.0	0.08270472227071152	0.0	0.041736663113808734	0.0	0.0	0.0	0.03805070403726941	0.0	0.0	0.05746219534120729	
0.0	0.0	0.0	0.032990725491120754	0.0	0.0	0.0	0.0	0.0	0.0	0.04236940451833063	0.0	0.07257544035833699	0.0	0.0	0.0	0.0	0.0	0.0338031792985461	0.0	0.0	0.0	0.0	0.0	0.08778421260573997	0.0	0.0	0.0	0.048491254018031525	0.0	0.0786693842934884	0.057420105503578754	0.0	0.0	0.0	0.0	0.0	0.0	0.0	0.0	0.0	0.0	0.0	0.0	0.0	0.0	0.0	0.0	0.0	0.0	0.0	0.0	0.0	0.0	0.0	0.0	0.0	0.0	0.047535286141934016	0.033349267967280403	0.0	0.0	0.0	0.0	0.04731638912662276	0.0	0.0	0.0	
0.0	0.0	0.0	0.0	0.0	0.0	0.0	0.0	0.0	0.0	0.0	0.0	0.0	0.0	0.0	0.04472410461800545	0.03712794672059653	0.0	0.0	0.0	0.0	0.0	0.0	0.0	0.03853352952615414	0.0	0.0	0.0	0.0	0.0	0.0	0.0	0.0	0.0	0.0	0.0	0.03553588257568452	0.0	0.0	0.0	0.0	0.0	0.0	0.0	0.0	0.0	0.03517579406661674	0.0	0.0	0.04026488147676059	0.0	0.0	0.0	0.0	0.0	0.0	0.0	0.0	0.04121193633525392	0.0	0.053286202186822916	0.0	0.0	0.0	0.0	0.0	0.0	0.0	
0.0	0.0	0.0	0.0	0.0	0.0	0.0	0.0	0.0	0.0	0.0	0.0	0.0	0.0	0.0	0.0	0.0	0.0	0.0	0.0	0.0	0.03297114974896934	0.0	0.06181284975106311	0.0	0.0	0.0	0.0	0.0	0.0	0.0	0.0	0.0	0.0	0.0	0.0	0.0	0.0	0.0	0.0	0.03372488252886787	0.0	0.0	0.0	0.0	0.0	0.0	0.0	0.0	0.036018091359061054	0.0	0.0	0.0	0.0	0.0	0.0	0.0	0.0	0.0	0.0	0.0	0.034497821061492635	0.0	0.0	0.0	0.0	0.0	0.0	
0.061904496324044114	0.0	0.0	0.03838173682064883	0.03577142969601175	0.03929299243760364	0.0	0.04742643110857083	0.0	0.03765564861964286	0.035059187964347455	0.0	0.037335313320895555	0.07994657885598183	0.0	0.0	0.0	0.03865280410067853	0.051384946671242535	0.0395463855228132	0.0	0.0	0.0	0.0	0.04475784496373286	0.048491254018031525	0.0	0.0	0.0	0.04715192446969018	0.042027658082857224	0.05533855815587885	0.0	0.035854953374246545	0.0	0.0	0.0	0.0	0.036474052991392995	0.0	0.03833233856583062	0.0	0.0	0.0	0.0	0.0	0.0	0.0	0.0	0.0	0.03379095301795919	0.0	0.0	0.0	0.0	0.0	0.0	0.0	0.0	0.0	0.0	0.0	0.0	0.04536251303096764	0.0	0.0	0.0	0.037210230220635764	
0.0	0.0	0.0	0.06044972192276429	0.04628877273848085	0.04362967260453448	0.0	0.034975656440851155	0.0	0.0	0.034360942066960526	0.03693833644907264	0.03342487398721699	0.04456996530611924	0.04342184663289341	0.0	0.06492707078904873	0.0	0.0	0.06005366492203033	0.04167887511759774	0.0	0.07608919969450312	0.0	0.0	0.0	0.0	0.0	0.04715192446969018	0.0	0.0	0.033899458939962226	0.0335543972308047	0.0	0.03285310306053946	0.0	0.04399686599495953	0.04488510025211049	0.0358701857207645	0.04387355354154942	0.07447765349958019	0.033890803054036606	0.03576984182649486	0.0	0.0	0.0	0.036495869583474706	0.042951714819857476	0.03503806535881294	0.0	0.05476052383191704	0.0	0.0	0.04373843033448834	0.0	0.0	0.03710500832007757	0.0	0.0440797642958916	0.0	0.0	0.0	0.0	0.10647015683039104	0.0	0.0	0.0	0.05899512084141366	
0.0	0.0	0.0	0.034719153710306386	0.0	0.0	0.0	0.0	0.0	0.0	0.06548602773377135	0.0	0.05483492701458946	0.0	0.0	0.0	0.0	0.0	0.0	0.0	0.0	0.0	0.0	0.04181711677106818	0.07200198023223447	0.0786693842934884	0.0	0.0	0.042027658082857224	0.0	0.0	0.0	0.0	0.0	0.0	0.0	0.0	0.0	0.0	0.0	0.0	0.0	0.0	0.0	0.0	0.0	0.0	0.0	0.0	0.0	0.0	0.04315825295108433	0.0384854745826478	0.0	0.0	0.0	0.0	0.03743320118900538	0.0	0.04896164947159443	0.0	0.037748480260149465	0.0	0.0	0.09625463889032909	0.0	0.0	0.0	
0.0	0.04329144485370366	0.0	0.03307864498509016	0.07001806483689292	0.036556108470821455	0.0	0.0	0.0	0.0	0.0	0.03496907740556226	0.0	0.05655425064517242	0.03766487318795038	0.0	0.04100406226269497	0.059510027980131955	0.0471731166503373	0.03389232579068224	0.0	0.04265995024342249	0.03582200740707486	0.04382985867827839	0.03431692794850604	0.057420105503578754	0.0	0.0	0.05533855815587885	0.033899458939962226	0.0	0.0	0.0	0.0	0.03378833352467566	0.038727084647824525	0.0	0.034302336527241045	0.08522435763222028	0.035703684447866105	0.0	0.0	0.04516774431982518	0.0	0.03387410733833187	0.03427264815214101	0.03326492830362198	0.033942110219661537	0.0	0.0	0.0	0.0	0.0	0.033530901370430605	0.0	0.0396839345433635	0.0	0.0	0.0	0.0	0.0	0.0	0.0	0.034234527449911706	0.0	0.0	0.0	0.050354708831827515	
0.058370872625850743	0.0	0.03338741136790093	0.03483674319349479	0.033308080497428845	0.04101121316760256	0.0	0.0423705224752514	0.0	0.034018772026367064	0.0	0.0	0.0	0.04122691613083224	0.03822925429364177	0.0	0.0	0.0	0.0	0.0	0.0	0.0	0.0	0.03607021834369207	0.0	0.0	0.0	0.0	0.0	0.0335543972308047	0.0	0.0	0.0	0.0	0.0378017763216231	0.0	0.0	0.03486806222401686	0.0	0.0	0.0	0.0	0.0	0.03440733045534839	0.0	0.0	0.037293925924653276	0.0	0.0	0.0	0.0	0.0	0.0	0.0	0.0	0.0	0.0	0.0	0.0	0.0	0.0	0.0	0.0	0.03490218756309914	0.0	0.0	0.0	0.0	
0.055015692008629574	0.0	0.0	0.0	0.0383160849814523	0.0	0.0	0.035281719974749486	0.03760058874931808	0.0	0.0	0.0	0.0	0.05847320378409255	0.0	0.0	0.03327449809186174	0.0340830119017049	0.0	0.0	0.0	0.0	0.0	0.0	0.0	0.0	0.0	0.0	0.035854953374246545	0.0	0.0	0.0	0.0	0.0	0.0	0.0	0.0	0.0	0.0	0.0	0.0	0.0	0.0	0.0	0.0	0.0	0.0	0.0	0.0	0.0	0.0	0.0	0.0	0.0	0.0	0.0	0.0	0.0	0.0	0.0	0.0	0.0	0.0	0.0	0.0	0.0	0.0	0.0	
0.0	0.0	0.0	0.03933744278952215	0.035856376456354776	0.0	0.0	0.03353730410660605	0.0	0.03508634291566508	0.0	0.0	0.0	0.03466951316005647	0.0	0.0	0.0	0.0	0.0	0.042510738288066285	0.0	0.0	0.0	0.03776989537385903	0.03406779039250144	0.0	0.0	0.0	0.0	0.03285310306053946	0.0	0.03378833352467566	0.0378017763216231	0.0	0.0	0.0	0.03557050598700005	0.03322455878640251	0.041233704325247464	0.05271479461549626	0.06276550276431589	0.04155765159278543	0.0	0.04017512870249572	0.06985103687944424	0.05054413026193717	0.05544499429054127	0.04339820394873881	0.06542814419823723	0.0	0.03585665529013313	0.03480502242482015	0.0	0.04163517526653918	0.0	0.0	0.032947423924181915	0.03776026818317393	0.0	0.0	0.0	0.03836983021673436	0.0	0.04571998351992112	0.0	0.0	0.08064824987891345	0.03771831995917766	
0.0	0.09549799137392201	0.04376244615463655	0.0	0.034582629879086245	0.0	0.0	0.0	0.0	0.0	0.0	0.0	0.0	0.0	0.0	0.0	0.0	0.0	0.0	0.03422368087977567	0.0	0.0	0.0	0.0	0.0	0.0	0.0	0.0	0.0	0.0	0.0	0.038727084647824525	0.0	0.0	0.0	0.0	0.03800982193443192	0.0	0.032962142725715314	0.0	0.037125616668473915	0.0	0.0	0.0	0.0	0.0	0.0	0.0	0.0	0.0	0.0	0.0	0.0	0.0	0.03874563209564034	0.03459907190768854	0.0	0.0	0.0	0.0	0.0	0.0	0.0	0.04463743530992763	0.0	0.034139108968436055	0.0	0.03465112745013859	
0.0	0.034361127101022126	0.0	0.034172063744565266	0.0	0.0	0.0	0.0	0.0	0.0	0.0	0.0	0.0	0.0	0.0	0.03333415181034509	0.03682705650133789	0.0	0.0	0.036057995801148664	0.0	0.0	0.03911291106651617	0.0	0.0	0.0	0.03553588257568452	0.0	0.0	0.04399686599495953	0.0	0.0	0.0	0.0	0.03557050598700005	0.03800982193443192	0.0	0.0	0.0	0.0	0.03761608490459588	0.0	0.0	0.0	0.0	0.0	0.0	0.0	0.0	0.0	0.0	0.0	0.0	0.0	0.0	0.03586541102970179	0.07672656173149085	0.0	0.0	0.0	0.0	0.03718017432968105	0.0	0.0485830916796918	0.0	0.0	0.0	0.035665671197457	
0.03715336680401285	0.0	0.0	0.11233957148815868	0.045423201085948814	0.052135353725672844	0.03436886541686191	0.038064029135029896	0.0	0.034676592985558634	0.0	0.039846593308234333	0.0	0.042166947958495564	0.048310261756413	0.0	0.034072250075327194	0.0	0.0	0.04282757219986743	0.0	0.0	0.0	0.060241699842681226	0.0	0.0	0.0	0.0	0.0	0.04488510025211049	0.0	0.034302336527241045	0.03486806222401686	0.0	0.03322455878640251	0.0	0.0	0.0	0.040703039440335945	0.04736092267152762	0.0497115949315177	0.03812370987679339	0.05713875012261136	0.04077954575769448	0.03548056541316863	0.034186495835123384	0.03755498836616489	0.03597827854920648	0.037321084615450376	0.03369626683481943	0.07025338455852793	0.0	0.0	0.03501589707212214	0.0	0.0	0.03354447690377955	0.0	0.0	0.0	0.0	0.052013261648423056	0.0	0.051171984562864	0.0	0.0	0.0	0.036276256402474845	
0.0	0.0	0.0	0.03749067766516032	0.07306281946075252	0.05246795913416406	0.0	0.05127118921688908	0.0	0.0	0.047936458995473934	0.05958295101911344	0.038072062931166	0.06806024620008232	0.058560066515561816	0.0	0.044493103150214604	0.04484123446530921	0.0	0.053052204575758474	0.0	0.034843785529801954	0.037329837081864575	0.048829488844539394	0.0	0.0	0.0	0.0	0.036474052991392995	0.0358701857207645	0.0	0.08522435763222028	0.0	0.0	0.041233704325247464	0.032962142725715314	0.0	0.040703039440335945	0.0	0.04892651330759929	0.0	0.06110925165796861	0.07003154477303841	0.03326774234502999	0.0671020354335707	0.05387143004203361	0.05312473851686019	0.05432257373494949	0.042292130816638386	0.0	0.037591108049855944	0.0	0.03899603635514137	0.04796466493926901	0.0	0.03813455856889755	0.0	0.0	0.0	0.0	0.0	0.0	0.06613216459705212	0.036490460503918326	0.0	0.06510014617215774	0.0	0.10261958365680322	
0.0	0.0	0.0	0.048626774504799915	0.05879423019589582	0.0794311392756342	0.0	0.06269101716682939	0.042761576707233497	0.03593690342768042	0.0	0.04367917732704868	0.0	0.044251399956544035	0.06583088039464273	0.0	0.04509096381966912	0.0	0.0	0.03728548986829789	0.0	0.0	0.037927709647679955	0.03283008142359314	0.0	0.0	0.0	0.0	0.0	0.04387355354154942	0.0	0.035703684447866105	0.0	0.0	0.05271479461549626	0.0	0.0	0.04736092267152762	0.04892651330759929	0.0	0.036731450317675156	0.04401350846894169	0.04576628697998346	0.0360092603795808	0.0	0.0445259965346538	0.0	0.09434154871900485	0.08144493484772507	0.0	0.0	0.0	0.0	0.03662620319106732	0.0	0.0	0.0	0.0	0.03293724121721929	0.0	0.0	0.0	0.03881451503124422	0.04967034436216866	0.0	0.047261013703066644	0.05872368390202691	0.055703859920741276	
0.0	0.03986944591949575	0.0	0.04682573255767748	0.035917073725409275	0.03713058916334644	0.033324124500682346	0.0	0.0	0.042602807645086394	0.0	0.0	0.0	0.035954173497215844	0.03466454481715331	0.0	0.037065147418634856	0.0	0.0	0.04966617744771299	0.0	0.0	0.052470157504936936	0.04544581675384	0.0	0.0	0.0	0.03372488252886787	0.03833233856583062	0.07447765349958019	0.0	0.0	0.0	0.0	0.06276550276431589	0.037125616668473915	0.03761608490459588	0.0497115949315177	0.0	0.036731450317675156	0.0	0.04678647920461334	0.0	0.032947779500647596	0.03647088238752906	0.033814098803264414	0.0364100346324315	0.0	0.04105870719025794	0.0	0.0445909983746008	0.0	0.0	0.039184463458359006	0.03628825509399629	0.0	0.0406948587095492	0.06167189684567418	0.0	0.0	0.03788028678160544	0.10430846945480833	0.0347642963562024	0.09979483310341972	0.0	0.0	0.0	0.04722342026901516	
0.0	0.0	0.0	0.040000842369247766	0.033615007014794585	0.037314979823978855	0.0	0.034770646466248535	0.04392646667302736	0.0	0.0	0.0418630724525827	0.0	0.0	0.03723514879087113	0.0	0.0	0.0	0.0	0.04684732979407437	0.0	0.0	0.0	0.03487088960797256	0.0	0.0	0.0	0.0	0.0	0.033890803054036606	0.0	0.0	0.0	0.0	0.04155765159278543	0.0	0.0	0.03812370987679339	0.06110925165796861	0.04401350846894169	0.04678647920461334	0.0	0.03568292527506996	0.047985765711325984	0.05162244972747496	0.0870213296689489	0.03795138025259235	0.0	0.0946302907279442	0.0	0.043394563781399734	0.0	0.0	0.05198380578198804	0.0	0.0	0.033776174733375804	0.040071012789594844	0.0	0.0	0.0	0.0	0.06237415836851741	0.057176505508453476	0.0	0.0	0.038025987462373755	0.051823453251384266	
0.03661517964280118	0.0	0.0	0.036611230402317	0.0780957766488885	0.07435476094250984	0.0	0.0633275945808689	0.0	0.0	0.0	0.09404880274060967	0.0	0.057834183134678745	0.08527772560525827	0.0	0.033586557582447704	0.0	0.0	0.07793037196984084	0.0	0.04191298121306917	0.04282405026366188	0.04952586907693342	0.0	0.0	0.0	0.0	0.0	0.03576984182649486	0.0	0.04516774431982518	0.0	0.0	0.0	0.0	0.0	0.05713875012261136	0.07003154477303841	0.04576628697998346	0.0	0.03568292527506996	0.0	0.03894813898088713	0.0345855334128641	0.06583905815474152	0.0471629278383129	0.0	0.03493816116871497	0.0	0.03463770589247318	0.0	0.0	0.07452305734385674	0.0	0.051617123384466786	0.0	0.0	0.0	0.0	0.0	0.0	0.0	0.03577860212878665	0.0	0.0	0.0	0.060904482888624045	
0.0	0.0	0.0	0.0	0.03415415284390444	0.036965720903616744	0.0	0.03658618785369214	0.0	0.0402619291394362	0.0	0.036916361581176664	0.0	0.0	0.03622479814800598	0.0	0.0	0.0	0.0	0.0367295199209882	0.0	0.0	0.0	0.03317481558869374	0.0	0.0	0.0	0.0	0.0	0.0	0.0	0.0	0.03440733045534839	0.0	0.04017512870249572	0.0	0.0	0.04077954575769448	0.03326774234502999	0.0360092603795808	0.032947779500647596	0.047985765711325984	0.03894813898088713	0.0	0.03646761985699479	0.07599020383382873	0.0	0.0	0.04736194990526607	0.0	0.03735661949548751	0.0	0.0	0.07859999383951773	0.0	0.0	0.0	0.03827857794356551	0.0	0.0	0.0	0.03446340254728756	0.0	0.033137829129827795	0.0	0.0	0.0	0.03389459702567209	
0.0	0.0	0.0	0.03517066016514785	0.03601077443411695	0.03999116821457556	0.0	0.03708632921091053	0.0	0.0	0.0	0.03758629830980008	0.0	0.036336640134303565	0.04105426598017771	0.0	0.03499925241088136	0.0	0.0	0.039322892571501386	0.0	0.0	0.0	0.040322226243264155	0.0	0.0	0.0	0.0	0.0	0.0	0.0	0.03387410733833187	0.0	0.0	0.06985103687944424	0.0	0.0	0.03548056541316863	0.0671020354335707	0.0	0.03647088238752906	0.05162244972747496	0.0345855334128641	0.03646761985699479	0.0	0.04415134127827072	0.07200002893418964	0.0	0.04730265476115899	0.0	0.04433334330428472	0.04015277140959112	0.0	0.040990627431399584	0.0	0.0	0.0	0.0	0.03639748762347183	0.0	0.0	0.0	0.04033561322006735	0.035024690993468	0.0	0.040867097633665916	0.0	0.06175469879425797	
0.0	0.0	0.0	0.0	0.044640357087177125	0.0	0.0	0.03305123660851068	0.06960338973512602	0.0	0.0	0.06310236660630096	0.0	0.03761838174408248	0.04226895913569013	0.0	0.0	0.0	0.0	0.07072952638575974	0.0	0.0	0.0	0.03343970821864707	0.0	0.0	0.0	0.0	0.0	0.0	0.0	0.03427264815214101	0.0	0.0	0.05054413026193717	0.0	0.0	0.034186495835123384	0.05387143004203361	0.0445259965346538	0.033814098803264414	0.0870213296689489	0.06583905815474152	0.07599020383382873	0.04415134127827072	0.0	0.04054728348913936	0.03750552498910645	0.10251726822265439	0.0	0.04116888726891526	0.034339438554457286	0.0	0.10281307187147577	0.0	0.04288375065994251	0.0	0.03554074701579105	0.0	0.0	0.0	0.0	0.0	0.03387877049220057	0.0	0.0	0.04567087804536466	0.03650684566690122	
0.0	0.0	0.0	0.0	0.042089500106863756	0.0362517710655516	0.0	0.035062727305148124	0.0	0.0	0.0	0.039241892096816666	0.07239716543512938	0.033207499156235665	0.04237345914134296	0.0	0.0	0.0	0.0	0.037857007834821495	0.0	0.0	0.04315543924208378	0.06289200387619119	0.07408502907584229	0.0	0.03517579406661674	0.0	0.0	0.036495869583474706	0.0	0.03326492830362198	0.037293925924653276	0.0	0.05544499429054127	0.0	0.0	0.03755498836616489	0.05312473851686019	0.0	0.0364100346324315	0.03795138025259235	0.0471629278383129	0.0	0.07200002893418964	0.04054728348913936	0.0	0.0	0.03844105924755697	0.05156663796527487	0.04588517688389952	0.05943139633284809	0.040672611733507495	0.03917112964289426	0.0	0.0	0.0	0.0	0.07517833657675768	0.05095574600093492	0.0	0.0	0.0	0.036856201834284195	0.0	0.0	0.03719486254327457	0.06523154591311181	
0.0	0.0	0.0	0.03943656932184998	0.03295910596543685	0.05498240948246687	0.0	0.0	0.039720200282853085	0.0	0.0	0.0	0.0	0.033571699353814995	0.03623583183770235	0.0	0.04420079576718985	0.0	0.0	0.0	0.0	0.0	0.0	0.0	0.0	0.0	0.0	0.0	0.0	0.042951714819857476	0.0	0.033942110219661537	0.0	0.0	0.04339820394873881	0.0	0.0	0.03597827854920648	0.05432257373494949	0.09434154871900485	0.0	0.0	0.0	0.0	0.0	0.03750552498910645	0.0	0.0	0.06361084784136953	0.0	0.0	0.03726727667598637	0.043889680230049626	0.0	0.0	0.0	0.0	0.0	0.0	0.03730980857945731	0.0	0.0	0.0734168605898568	0.03972750796932176	0.0	0.08478673515157564	0.07635599881413282	0.05576891477549999	
0.0	0.0	0.0	0.040537160647653725	0.03934305214859088	0.04000903922727498	0.0	0.03657063868771812	0.060415978102737085	0.0	0.0	0.0470357617144708	0.0	0.0	0.040170764604643756	0.0	0.03523752800514411	0.0	0.0	0.0501949955232839	0.0	0.0	0.0	0.033525187330723884	0.0	0.0	0.0	0.0	0.0	0.03503806535881294	0.0	0.0	0.0	0.0	0.06542814419823723	0.0	0.0	0.037321084615450376	0.042292130816638386	0.08144493484772507	0.04105870719025794	0.0946302907279442	0.03493816116871497	0.04736194990526607	0.04730265476115899	0.10251726822265439	0.03844105924755697	0.06361084784136953	0.0	0.0	0.04837809934985891	0.03675815257609711	0.0	0.061442752631249514	0.03369632307808752	0.03704936755788088	0.036616394448236646	0.04301096121346424	0.0	0.0	0.0	0.0	0.0	0.05616336449043189	0.0	0.03932255560891141	0.05473711093181802	0.033703169626407056	
0.0	0.0	0.0	0.0	0.0	0.0	0.0	0.0	0.0	0.0	0.0	0.0	0.0	0.0	0.0	0.07902708807150169	0.0	0.0	0.0	0.0	0.0	0.05088814490602958	0.0	0.0	0.043740751397477094	0.0	0.04026488147676059	0.036018091359061054	0.0	0.0	0.0	0.0	0.0	0.0	0.0	0.0	0.0	0.03369626683481943	0.0	0.0	0.0	0.0	0.0	0.0	0.0	0.0	0.05156663796527487	0.0	0.0	0.0	0.04429044041012955	0.03492843234469276	0.0	0.0	0.0	0.0	0.0	0.0	0.04736342639438271	0.0	0.06762917091498002	0.03411014333204086	0.0	0.0	0.0	0.0	0.0	0.033153733930427594	
0.0	0.0	0.0	0.06029200585657113	0.03843542643317261	0.036709847850845655	0.0	0.03801253721409724	0.0	0.0	0.0	0.037627816560270304	0.0	0.0	0.04269926859739623	0.0	0.057849131710956785	0.0	0.0	0.042427827455923134	0.0	0.0	0.035633895165970986	0.04045393024279791	0.0	0.0	0.0	0.0	0.03379095301795919	0.05476052383191704	0.0	0.0	0.0	0.0	0.03585665529013313	0.0	0.0	0.07025338455852793	0.037591108049855944	0.0	0.0445909983746008	0.043394563781399734	0.03463770589247318	0.03735661949548751	0.04433334330428472	0.04116888726891526	0.04588517688389952	0.0	0.04837809934985891	0.04429044041012955	0.0	0.039997011631804615	0.035905790837504864	0.03484144452519542	0.0	0.0	0.0	0.03905702557979303	0.0	0.0	0.033758265457419744	0.06551388683165997	0.0	0.06916084809919346	0.0	0.03500547891748589	0.0	0.035059382508611604	
0.0	0.0	0.0	0.0	0.034490209655011775	0.0	0.0	0.0	0.0	0.0	0.0	0.0	0.0	0.0	0.0	0.0	0.040910265225281246	0.0	0.0	0.0	0.0	0.0	0.0	0.03417139626550468	0.0	0.0	0.0	0.0	0.0	0.0	0.04315825295108433	0.0	0.0	0.0	0.03480502242482015	0.0	0.0	0.0	0.0	0.0	0.0	0.0	0.0	0.0	0.04015277140959112	0.034339438554457286	0.05943139633284809	0.03726727667598637	0.03675815257609711	0.03492843234469276	0.039997011631804615	0.0	0.09292240471402745	0.0	0.0	0.0	0.0	0.0	0.03302431644438666	0.0963172476016193	0.0	0.0	0.04234271046276302	0.0	0.056269974352497594	0.06014344262562359	0.03649351374828189	0.0	
0.0	0.0	0.0	0.0	0.0	0.0	0.0	0.0	0.0	0.0	0.03665697545447184	0.0	0.0	0.0	0.0	0.0	0.03841400509357841	0.0	0.0	0.0	0.0	0.0	0.0	0.033747353917471384	0.0	0.0	0.0	0.0	0.0	0.0	0.0384854745826478	0.0	0.0	0.0	0.0	0.0	0.0	0.0	0.03899603635514137	0.0	0.0	0.0	0.0	0.0	0.0	0.0	0.040672611733507495	0.043889680230049626	0.0	0.0	0.035905790837504864	0.09292240471402745	0.0	0.0	0.03440569113470428	0.0	0.0	0.0	0.0	0.09351364810368953	0.0	0.0	0.08270265379187122	0.03431830249088843	0.03635801963676705	0.09360903077418585	0.05177199842974496	0.035180450064319954	
0.0	0.0	0.0	0.04227582638146446	0.041790257556014086	0.0	0.0	0.0	0.04839821341637677	0.0	0.0	0.06648204564695417	0.0	0.035991353394352235	0.040302444320647494	0.0	0.0	0.0	0.0	0.09429401584987604	0.0	0.0	0.03859417708846531	0.0	0.0	0.0	0.0	0.0	0.0	0.04373843033448834	0.0	0.033530901370430605	0.0	0.0	0.04163517526653918	0.0	0.0	0.03501589707212214	0.04796466493926901	0.03662620319106732	0.039184463458359006	0.05198380578198804	0.07452305734385674	0.07859999383951773	0.040990627431399584	0.10281307187147577	0.03917112964289426	0.0	0.061442752631249514	0.0	0.03484144452519542	0.0	0.0	0.0	0.0	0.03481697601261582	0.0	0.0	0.0	0.0	0.0	0.04405621459656251	0.0	0.04241761826141004	0.0	0.0	0.033932383309134236	0.05012705701519353	
0.0	0.039618384386521856	0.0	0.0	0.0	0.0	0.0	0.0	0.0	0.03294424302392745	0.0	0.0	0.0	0.0	0.0	0.0	0.0	0.0	0.0	0.038636701999172365	0.0	0.0	0.03374152831120666	0.0	0.0	0.0	0.0	0.0	0.0	0.0	0.0	0.0	0.0	0.0	0.0	0.03874563209564034	0.0	0.0	0.0	0.0	0.03628825509399629	0.0	0.0	0.0	0.0	0.0	0.0	0.0	0.03369632307808752	0.0	0.0	0.0	0.03440569113470428	0.0	0.0	0.0	0.09690925729171496	0.03556812189724751	0.0	0.0	0.0	0.0	0.0359811865267786	0.03386205391227795	0.0	0.03419362714298722	0.04103419307587356	0.0	
0.0	0.032848623745720285	0.0	0.0	0.04038734748538604	0.0	0.0	0.0	0.0631931782507412	0.0	0.0	0.05216309962119641	0.0	0.03802778245831337	0.033064501117083936	0.0	0.0	0.03331706923364817	0.0	0.058711905802289424	0.0	0.09493341718334222	0.03766186534138224	0.03730377630200041	0.0	0.0	0.0	0.0	0.0	0.0	0.0	0.0396839345433635	0.0	0.0	0.0	0.03459907190768854	0.03586541102970179	0.0	0.03813455856889755	0.0	0.0	0.0	0.051617123384466786	0.0	0.0	0.04288375065994251	0.0	0.0	0.03704936755788088	0.0	0.0	0.0	0.0	0.03481697601261582	0.0	0.0	0.0	0.04307283467243784	0.0	0.0	0.0	0.035035113479028344	0.0	0.0	0.0	0.0	0.0	0.0	
0.0	0.0	0.0	0.0	0.0	0.0	0.0	0.0	0.0	0.03460663167664381	0.0	0.0	0.0	0.0	0.0	0.0	0.0	0.0	0.0	0.036026054664031436	0.0	0.0	0.03915327701253342	0.0	0.0	0.0	0.0	0.0	0.0	0.03710500832007757	0.0	0.0	0.0	0.0	0.032947423924181915	0.0	0.07672656173149085	0.03354447690377955	0.0	0.0	0.0406948587095492	0.033776174733375804	0.0	0.0	0.0	0.0	0.0	0.0	0.036616394448236646	0.0	0.0	0.0	0.0	0.0	0.09690925729171496	0.0	0.0	0.0	0.0	0.0	0.0	0.03322478963563523	0.0	0.04837859110280946	0.0	0.0	0.0	0.0329702777858141	
0.03562004925119342	0.0	0.0	0.03969398535968405	0.03809784649377869	0.03303091147535123	0.0	0.03426494589210221	0.04816859370093658	0.04031400051987719	0.0	0.0	0.0	0.037331109902369666	0.03568787455803466	0.0	0.0	0.03429887794419249	0.0	0.03424031540237843	0.0	0.0391239270125568	0.0	0.0487072909576623	0.0	0.0	0.0	0.0	0.0	0.0	0.03743320118900538	0.0	0.0	0.0	0.03776026818317393	0.0	0.0	0.0	0.0	0.0	0.06167189684567418	0.040071012789594844	0.0	0.03827857794356551	0.0	0.03554074701579105	0.0	0.0	0.04301096121346424	0.0	0.03905702557979303	0.0	0.0	0.0	0.03556812189724751	0.04307283467243784	0.0	0.0	0.04315668234860498	0.0	0.06125489551714015	0.09403099606121229	0.0	0.04242977360058997	0.04028339316412685	0.0	0.0	0.0	
0.03284958045722741	0.0	0.03360592118818807	0.042217325425809964	0.0	0.0	0.03703022875831412	0.0	0.033778931694083504	0.0	0.03945674348951542	0.0	0.08252679608410644	0.0	0.0	0.044690004279480236	0.0	0.0	0.0	0.03376646054615367	0.0	0.033163214431833093	0.04599873155660653	0.0	0.08270472227071152	0.047535286141934016	0.04121193633525392	0.0	0.0	0.0440797642958916	0.0	0.0	0.0	0.0	0.0	0.0	0.0	0.0	0.0	0.03293724121721929	0.0	0.0	0.0	0.0	0.03639748762347183	0.0	0.07517833657675768	0.0	0.0	0.04736342639438271	0.0	0.03302431644438666	0.0	0.0	0.0	0.0	0.0	0.04315668234860498	0.0	0.0	0.05977682974487081	0.038143944472296354	0.0	0.040850648098315706	0.0353274821328169	0.03732743835680797	0.0	0.05872421146477881	
0.0	0.0	0.0	0.0	0.03780922892109686	0.0	0.0	0.0	0.0	0.0	0.03642997670041802	0.0	0.0	0.0	0.03430452271593782	0.0	0.03288917962669575	0.0	0.0	0.0	0.0	0.0	0.0	0.03897403444983349	0.0	0.033349267967280403	0.0	0.0	0.0	0.0	0.04896164947159443	0.0	0.0	0.0	0.0	0.0	0.0	0.0	0.0	0.0	0.0	0.0	0.0	0.0	0.0	0.0	0.05095574600093492	0.03730980857945731	0.0	0.0	0.0	0.0963172476016193	0.09351364810368953	0.0	0.0	0.0	0.0	0.0	0.0	0.0	0.0	0.0	0.056188957814586	0.0	0.05052110794359412	0.06872446603222199	0.04062574952309187	0.0	
0.0	0.0	0.0	0.03284872992226396	0.0	0.0	0.0	0.0	0.0	0.0	0.0	0.0	0.03646378303313093	0.0	0.0	0.0	0.0376026858618212	0.0	0.0	0.0	0.0	0.035768873265021484	0.0	0.0	0.041736663113808734	0.0	0.053286202186822916	0.0	0.0	0.0	0.0	0.0	0.0	0.0	0.0	0.0	0.0	0.0	0.0	0.0	0.03788028678160544	0.0	0.0	0.0	0.0	0.0	0.0	0.0	0.0	0.06762917091498002	0.033758265457419744	0.0	0.0	0.0	0.0	0.0	0.0	0.06125489551714015	0.05977682974487081	0.0	0.0	0.051530143509743866	0.0	0.03648858144627725	0.0	0.0	0.0	0.0	
0.0	0.0	0.0	0.04461624399738562	0.0	0.0	0.0	0.0	0.0	0.04148727419049233	0.0	0.0	0.0	0.0	0.0	0.0	0.04154612006889615	0.0	0.0	0.0480605890415081	0.0	0.0	0.03513996024857654	0.0408566709731897	0.0	0.0	0.0	0.034497821061492635	0.0	0.0	0.037748480260149465	0.0	0.0	0.0	0.03836983021673436	0.0	0.03718017432968105	0.052013261648423056	0.0	0.0	0.10430846945480833	0.0	0.0	0.03446340254728756	0.0	0.0	0.0	0.0	0.0	0.03411014333204086	0.06551388683165997	0.0	0.0	0.04405621459656251	0.0	0.035035113479028344	0.03322478963563523	0.09403099606121229	0.038143944472296354	0.0	0.051530143509743866	0.0	0.0	0.06688003155352358	0.032921767772383516	0.0	0.0	0.034750771509583604	
