#beta
0.0	0.0	0.0	0.04293828285086712	0.036916346851770664	0.05552428152813219	0.0	0.040895948302589746	0.0	0.0	0.045153451202256216	0.04450964875969193	0.0	0.075784602547645	0.05376253427074449	0.0	0.039164010960355364	0.03466879796602217	0.0	0.0	0.0	0.0	0.0	0.04195383846175609	0.0	0.0	0.0	0.0	0.06344208412891092	0.0356162775778181	0.0	0.0	0.06672568346911392	0.05452981653198352	0.033940724257421055	0.0	0.0	0.03998595831190087	0.0	0.0	0.0	0.0	0.037970444338891116	0.03432714160409088	0.034616280107624034	0.03471402815579602	0.0	0.0	0.03344044889849991	0.0	0.03374655097649967	0.0	0.0	0.0	0.0	0.0	0.0	0.040526427171788004	0.03068542734233238	0.0	0.0	0.03062566451045102	0.0	0.0	0.0	0.030360185930413758	0.0	0.0	
0.0	0.0	0.065739561998007	0.0	0.03690500853362316	0.0	0.0	0.0	0.0	0.0	0.0	0.0	0.0	0.0	0.0	0.0	0.0	0.0	0.0	0.0	0.0	0.0	0.030658721111144413	0.0	0.0	0.0	0.0	0.0	0.0	0.0	0.0	0.045599625656357765	0.0	0.0	0.0	0.09142845371631686	0.0	0.0	0.0	0.0	0.0	0.0	0.0	0.0	0.0	0.0	0.0	0.0	0.0	0.0	0.0	0.0	0.0	0.0	0.04411357017167265	0.0318830805133391	0.03123442717862215	0.0	0.0	0.0	0.0	0.0	0.0	0.033244455174824036	0.03019063392991799	0.0	0.0	0.0	
0.0	0.065739561998007	0.0	0.0	0.03480700679883823	0.0	0.0	0.0	0.0	0.0	0.0	0.0	0.0	0.0	0.0	0.0	0.0	0.0	0.0	0.0	0.0	0.0	0.0	0.0	0.0	0.0	0.0	0.0	0.0	0.0	0.0	0.0	0.033209946931148045	0.0	0.0	0.0520141267870155	0.0	0.0	0.0	0.0	0.0	0.0	0.0	0.0	0.0	0.0	0.0	0.0	0.0	0.0	0.0	0.0	0.0	0.0	0.0	0.0	0.03309960146840035	0.0	0.03190485945385766	0.0	0.0	0.0	0.0	0.031941828555314584	0.0	0.0	0.0	0.0	
0.04293828285086712	0.0	0.0	0.0	0.04858755120782975	0.053464984916431	0.030416223465940244	0.037365906474218426	0.0	0.0	0.0	0.034644587485401605	0.0	0.05110873176158302	0.050282208594009656	0.0	0.0388884488400528	0.0	0.0	0.0	0.0	0.0	0.0	0.06595472632037581	0.0	0.0	0.0	0.0	0.0	0.04076233040888544	0.0	0.030884670071870873	0.03995101961486772	0.0	0.0	0.0	0.0	0.0919450265961627	0.03589657307228752	0.04608228891027126	0.0	0.0	0.04124364299757807	0.030870103723149366	0.035022827406205256	0.0	0.030992485507060834	0.03702508882756054	0.0	0.0	0.05989150040497144	0.0	0.0	0.0	0.0	0.0	0.0	0.03990316136864899	0.03138007862411034	0.0	0.0	0.0	0.0	0.043664200589825626	0.0319312399508478	0.0	0.0	0.0	
0.036916346851770664	0.03690500853362316	0.03480700679883823	0.04858755120782975	0.0	0.08499021620781969	0.0	0.07771372727120919	0.03135254042141647	0.03219628231709133	0.0	0.09081011312789121	0.0	0.10659102960482036	0.08995267819961791	0.0	0.034268871288719235	0.0	0.0	0.058234452171325723	0.0	0.04087704856687841	0.03729926505391537	0.06182333144766895	0.0	0.0	0.0	0.0	0.0	0.03912477167996678	0.0	0.06503162167272136	0.03918139892074251	0.034449693629142436	0.03874926803068043	0.03345954979764564	0.0	0.05015319134916587	0.07440489197924559	0.05476148647680133	0.0	0.035234459099927694	0.07880468566787042	0.032673975139521624	0.03788913535929163	0.05030911607239929	0.03743503236324029	0.031882965539742916	0.04378210280363472	0.0	0.04171951168152535	0.035143333608016296	0.03481924585794954	0.0	0.031078930817297727	0.040719191499468246	0.032312778250719855	0.04098207782401499	0.0	0.03645341828729291	0.0	0.0	0.0	0.04186761960656596	0.0	0.0	0.030679824110573385	0.03969343151990475	
0.05552428152813219	0.0	0.0	0.053464984916431	0.08499021620781969	0.0	0.0	0.07176176517657287	0.0	0.038984295488397845	0.04094868083115697	0.08998773748077543	0.0	0.0857136035642773	0.1014854958916405	0.0	0.0	0.03950466465655802	0.0	0.055205914935766	0.0	0.03328509001242969	0.0	0.055490420054400705	0.0	0.0	0.0	0.0	0.03698144577465436	0.03666629967842347	0.0	0.03560729210802649	0.04795256328630453	0.0	0.0	0.0	0.0	0.06286950920253323	0.059620622778169326	0.07209823333913207	0.0	0.03184465899556212	0.07713534443236887	0.030140326252890096	0.04495814627855723	0.0	0.03699163097303941	0.051947221468324395	0.03191660763033614	0.0	0.03873326603014336	0.0	0.0	0.0	0.0	0.03132627721421813	0.0	0.03188955775555536	0.0	0.0	0.0	0.0	0.032368238056166454	0.04354174969912334	0.0	0.0	0.0	0.04138388964061879	
0.0	0.0	0.0	0.030416223465940244	0.0	0.0	0.0	0.0	0.0	0.03779816400475635	0.0	0.0	0.0	0.0	0.0	0.0	0.0	0.0	0.0	0.0	0.0	0.0	0.0	0.0	0.0	0.0	0.0	0.0	0.0	0.0	0.0	0.0	0.0	0.0	0.03136130409235797	0.0	0.0	0.0	0.0	0.0	0.0	0.0	0.0	0.0	0.0	0.0	0.0	0.0	0.0	0.0	0.0	0.0	0.0	0.0	0.0	0.0	0.0	0.0	0.0362911887858123	0.0	0.0	0.0	0.0	0.0	0.03161902306930089	0.03278915999548488	0.0	0.0	
0.040895948302589746	0.0	0.0	0.037365906474218426	0.07771372727120919	0.07176176517657287	0.0	0.0	0.0	0.03912458969559771	0.0	0.08215124520304527	0.0	0.046870089663779826	0.08824862750096087	0.0	0.0	0.0	0.0	0.051942110400164124	0.0	0.0	0.0386672977185056	0.043918526311059546	0.0	0.0	0.0	0.0	0.043215914082978854	0.03016163192894754	0.031203149592081383	0.0	0.032991615336828935	0.0	0.03156153667340578	0.0	0.0	0.040884040939288484	0.0508624170705253	0.06475958390697611	0.0	0.0	0.066369180286582	0.030885297616752617	0.034508485683599675	0.03063475155352445	0.03590449925946132	0.03293291533715929	0.0	0.0	0.03782270643829025	0.03202900919569165	0.0	0.0	0.0	0.0	0.0	0.0	0.0	0.0	0.0	0.0	0.0	0.03405591089660818	0.032371675476973734	0.0	0.0	0.038898430993882516	
0.0	0.0	0.0	0.0	0.03135254042141647	0.0	0.0	0.0	0.0	0.0	0.0	0.03452851454364627	0.0	0.0	0.0	0.0	0.0	0.0	0.0	0.04255898039521074	0.0	0.05644639631271497	0.0	0.0	0.0	0.0	0.0	0.0	0.0	0.0	0.0	0.0	0.0	0.0	0.03140388081227232	0.0	0.0	0.0	0.0	0.0451796108909347	0.0	0.039649350028346395	0.0	0.03285748003543058	0.0	0.06911225765861803	0.0	0.03618742481915647	0.06365857909176714	0.033244226111197844	0.0	0.0	0.0	0.04916024206667406	0.0	0.06496110330524463	0.0	0.04972138113852832	0.040177359108262006	0.0	0.03021411379729829	0.0	0.0	0.0	0.0	0.0	0.034239783387695136	0.0	
0.0	0.0	0.0	0.0	0.03219628231709133	0.038984295488397845	0.03779816400475635	0.03912458969559771	0.0	0.0	0.0	0.03471904861852048	0.0	0.0	0.03930632368058025	0.0	0.0	0.0	0.0	0.030222896639472984	0.0	0.0	0.0	0.0	0.0	0.0	0.0	0.0	0.03214957270036311	0.0	0.0	0.0	0.03202672757880627	0.0	0.03079786217517524	0.0	0.0	0.0	0.0	0.03445680926041296	0.03350380741714002	0.0	0.0	0.03426654673370596	0.0	0.0	0.0	0.0	0.0	0.0	0.0	0.0	0.0	0.03209632822236974	0.0	0.0	0.0	0.0	0.0	0.0	0.0	0.0	0.0	0.0	0.0	0.0	0.0	0.0	
0.045153451202256216	0.0	0.0	0.0	0.0	0.04094868083115697	0.0	0.0	0.0	0.0	0.0	0.03204114532034499	0.07419081282946217	0.03130582365915464	0.03564502926164544	0.0	0.06469481427784857	0.07623800009590181	0.0	0.0	0.0	0.0	0.0	0.0	0.06350835111046092	0.040328652206752746	0.0	0.0	0.0	0.0	0.05576830899706574	0.0	0.0	0.0	0.0	0.0	0.0	0.0	0.03529418183151042	0.0	0.0	0.0	0.0	0.0	0.0	0.0	0.0	0.0	0.0	0.0	0.0	0.03164811504135158	0.035958524063209596	0.0	0.0	0.0	0.0	0.0	0.037565309172895064	0.038724002492190816	0.0	0.0	0.0	0.03124925679434497	0.04333970097160612	0.050079834939281906	0.0	0.047695477401362124	
0.04450964875969193	0.0	0.0	0.034644587485401605	0.09081011312789121	0.08998773748077543	0.0	0.08215124520304527	0.03452851454364627	0.03471904861852048	0.03204114532034499	0.0	0.0	0.07904502936610582	0.09540848118079952	0.0	0.0	0.0	0.0	0.09645689399206947	0.0	0.04993311436749194	0.04093269967227002	0.05718888579350906	0.0	0.0	0.0	0.0	0.0	0.03126062953065135	0.0	0.033401270120976004	0.035829183346282815	0.0	0.03499175475420583	0.0	0.0	0.046665735443320804	0.06357929145326886	0.03685004473697447	0.03522855504854439	0.04052449436769685	0.09276921883521948	0.03684338059356613	0.04397490000456631	0.06709217999676405	0.04417665175017178	0.0	0.048259004238546066	0.0	0.040811461667086865	0.03145040825923516	0.0	0.058023981445464785	0.0	0.05538356586476666	0.03015091549029842	0.036766798783221775	0.0	0.030443613848902592	0.0	0.0	0.0	0.03952607321883181	0.031170849842619572	0.0	0.035357165952638596	0.04131450284340082	
0.0	0.0	0.0	0.0	0.0	0.0	0.0	0.0	0.0	0.0	0.07419081282946217	0.0	0.0	0.0	0.0	0.03410328153324685	0.0	0.051622361095250105	0.0	0.0	0.0	0.0	0.0	0.0	0.10069705543237567	0.06926821621267042	0.0	0.0	0.0	0.0	0.04824869139691163	0.0	0.0	0.0	0.0	0.0	0.0	0.0	0.03090049913512534	0.0	0.0	0.0	0.0	0.0	0.0	0.0	0.059552186045763185	0.0	0.0	0.03601531957455376	0.0	0.0	0.0	0.0	0.0	0.0	0.0	0.0	0.08181494003562682	0.0	0.03742225834125128	0.0	0.0	0.0	0.0	0.0	0.0	0.05275620756189068	
0.075784602547645	0.0	0.0	0.05110873176158302	0.10659102960482036	0.0857136035642773	0.0	0.046870089663779826	0.0	0.0	0.03130582365915464	0.07904502936610582	0.0	0.0	0.10262527383647758	0.0	0.032670202553901295	0.0	0.0	0.048059524407121725	0.0	0.04057520026267911	0.0	0.05125026754697895	0.0	0.0	0.0	0.0	0.05986168823444147	0.04310158732145213	0.0	0.04959886037452992	0.05374933990163595	0.05316178769699653	0.03426708651108821	0.0	0.0	0.04729943138481393	0.06453080442781213	0.04270590165624206	0.033802194637401146	0.03018004263613356	0.06200026841144273	0.0	0.039351968940485094	0.0417394153186108	0.03073945260814676	0.030809962849252796	0.0356493928953344	0.0	0.03412824755276407	0.0	0.0	0.0	0.0	0.0404345841495612	0.0	0.04018235424079162	0.0	0.0	0.0	0.031805422800235995	0.030871942697129045	0.03754787700555438	0.0	0.0	0.0	0.03224795519544832	
0.05376253427074449	0.0	0.0	0.050282208594009656	0.08995267819961791	0.1014854958916405	0.0	0.08824862750096087	0.0	0.03930632368058025	0.03564502926164544	0.09540848118079952	0.0	0.10262527383647758	0.0	0.0	0.03980864608926752	0.0	0.0	0.07048950066295222	0.0	0.03630238069189684	0.03252238356492146	0.062204801320258137	0.0	0.0	0.0	0.0	0.0	0.03617887856734526	0.0	0.036041067616259914	0.04509489507086419	0.0	0.03592591775497631	0.0	0.0	0.05839618922730659	0.06336153164970007	0.055698844055847026	0.03443291580697265	0.034994499266370535	0.08582064371690705	0.032847979509697534	0.045927379651706485	0.048612354925811396	0.04232353262486136	0.03289583590577597	0.041783880145596246	0.0	0.04553114163418132	0.03544421254342638	0.035296602379651196	0.03154863313245875	0.0	0.03782033048850262	0.0	0.03817239373502133	0.0	0.03457519020036389	0.0	0.0	0.030555802749074	0.044224189031798755	0.0	0.031707069517414734	0.03190517960587096	0.039241580534836736	
0.0	0.0	0.0	0.0	0.0	0.0	0.0	0.0	0.0	0.0	0.0	0.0	0.03410328153324685	0.0	0.0	0.0	0.0	0.0	0.0	0.0	0.05092419989342355	0.06846778087173919	0.0	0.0	0.03379433963314918	0.0	0.04799638120362374	0.0	0.0	0.0	0.0	0.0	0.0	0.0	0.0	0.0	0.0	0.0	0.0	0.0	0.0	0.0	0.0	0.0	0.0	0.0	0.0	0.0	0.0	0.07533756525754919	0.0	0.0	0.0	0.0	0.0	0.03321820173188145	0.0	0.0	0.0460807701303109	0.0	0.03227360094588661	0.0	0.0	0.0	0.0	0.0	0.0	0.0	
0.039164010960355364	0.0	0.0	0.0388884488400528	0.034268871288719235	0.0	0.0	0.0	0.0	0.0	0.06469481427784857	0.0	0.0	0.032670202553901295	0.03980864608926752	0.0	0.0	0.048369647819774014	0.0	0.0	0.0	0.03051531154360923	0.04850228463547683	0.0	0.0	0.0	0.030938906972197148	0.0	0.0	0.04639183316484758	0.0	0.03390899097543391	0.0	0.033762170848819065	0.0	0.0	0.03066913819416778	0.03302369108750733	0.038308417462374636	0.030718574156945743	0.0	0.0	0.0	0.0	0.030321592952256435	0.0	0.0	0.033619980702280186	0.0	0.0	0.050448593065800414	0.0400678918476401	0.04478244909819449	0.0	0.0	0.0	0.0	0.0	0.030485456466087878	0.03506948272533386	0.03159937498446828	0.0	0.03293285879050645	0.03282855403677217	0.0	0.05056998123917177	0.0	0.04613802336992125	
0.03466879796602217	0.0	0.0	0.0	0.0	0.03950466465655802	0.0	0.0	0.0	0.0	0.07623800009590181	0.0	0.051622361095250105	0.0	0.0	0.0	0.048369647819774014	0.0	0.056518143505228005	0.0	0.0	0.0	0.0	0.0	0.0	0.0	0.0	0.0	0.0	0.0	0.0	0.0450583424919946	0.0	0.0	0.0	0.0	0.0	0.0	0.0	0.0	0.0	0.0	0.0	0.0	0.0	0.0	0.0	0.0	0.0	0.0	0.0	0.0	0.0	0.0	0.0	0.0	0.0	0.0	0.0	0.0	0.0	0.0	0.0	0.0	0.0	0.035052704617381164	0.0	0.0	
0.0	0.0	0.0	0.0	0.0	0.0	0.0	0.0	0.0	0.0	0.0	0.0	0.0	0.0	0.0	0.0	0.0	0.056518143505228005	0.0	0.0	0.0	0.0	0.0	0.0	0.0	0.030908466004029713	0.0	0.0	0.043248683235934254	0.0	0.030229261542666908	0.04850687413198747	0.0	0.0	0.0	0.0	0.0	0.0	0.0	0.0	0.0	0.0	0.0	0.0	0.0	0.0	0.0	0.0	0.0	0.0	0.0	0.0	0.0	0.0	0.0	0.0	0.0	0.0	0.0	0.0	0.0	0.0	0.0	0.0	0.03430683274633798	0.0	0.0	0.0	
0.0	0.0	0.0	0.0	0.058234452171325723	0.055205914935766	0.0	0.051942110400164124	0.04255898039521074	0.030222896639472984	0.0	0.09645689399206947	0.0	0.048059524407121725	0.07048950066295222	0.0	0.0	0.0	0.0	0.0	0.0	0.059473534838304164	0.041068725898255935	0.035723417213619935	0.0	0.0	0.0	0.0	0.0	0.031116822454271185	0.0	0.030184415801170074	0.035649052383178455	0.0	0.03579789671490054	0.030470208741310505	0.0	0.0	0.04527838569599575	0.0	0.03257861613140203	0.038793506338697166	0.08358877174866215	0.032435809237006515	0.035693352628216775	0.07681162372101559	0.03403816257262241	0.0	0.04538454077454975	0.0	0.03392371881031401	0.0	0.0	0.08350182545788816	0.03782782740362524	0.06892297305235388	0.03244898410377097	0.030717259399967677	0.0	0.0	0.0	0.0	0.0	0.03199792675912845	0.0	0.0	0.030724980072468076	0.033405730696292664	
0.0	0.0	0.0	0.0	0.0	0.0	0.0	0.0	0.0	0.0	0.0	0.0	0.0	0.0	0.0	0.05092419989342355	0.0	0.0	0.0	0.0	0.0	0.04346888544171628	0.06249990801836953	0.0	0.0	0.0	0.0	0.03052519923851772	0.0	0.03421950082701962	0.0	0.0	0.0	0.0	0.0	0.0	0.0	0.0	0.0	0.0	0.0	0.0	0.0	0.0	0.0	0.0	0.0	0.0	0.0	0.0	0.0	0.0	0.0	0.0	0.0	0.0	0.0	0.0	0.0	0.0	0.0	0.0	0.0	0.0	0.0	0.0	0.0	0.03227046639604793	
0.0	0.0	0.0	0.0	0.04087704856687841	0.03328509001242969	0.0	0.0	0.05644639631271497	0.0	0.0	0.04993311436749194	0.0	0.04057520026267911	0.03630238069189684	0.06846778087173919	0.03051531154360923	0.0	0.0	0.059473534838304164	0.04346888544171628	0.0	0.046021132135713724	0.032765153440337015	0.0	0.03065070878051229	0.0	0.0	0.03156644141771625	0.03340109362759104	0.0	0.03766219877093362	0.0	0.0	0.0	0.0	0.03074136903253982	0.0	0.03506063948419398	0.0	0.0	0.0	0.04544147015481713	0.0	0.0	0.033837482601962454	0.0	0.0	0.0	0.04745845833335548	0.0	0.0	0.0	0.03069104722372038	0.0	0.09652149505490108	0.0	0.042486258670851346	0.040544813443513524	0.0	0.036563352192530284	0.03660738389027131	0.0	0.0	0.03032447994479084	0.0	0.0	0.0	
0.0	0.030658721111144413	0.0	0.0	0.03729926505391537	0.0	0.0	0.0386672977185056	0.0	0.0	0.0	0.04093269967227002	0.0	0.0	0.03252238356492146	0.0	0.04850228463547683	0.0	0.0	0.041068725898255935	0.06249990801836953	0.046021132135713724	0.0	0.0371526420002697	0.0303153527331306	0.0	0.0	0.0	0.0	0.07126315328047376	0.0	0.03489870116464578	0.0	0.0	0.0	0.031932286911044085	0.0	0.0	0.04089606031137003	0.0	0.0	0.0	0.04427432908774032	0.0	0.0	0.0	0.0	0.0	0.0	0.0	0.0	0.0	0.0	0.0	0.033677789942182915	0.04234052668821405	0.030961208473941734	0.0	0.0	0.0	0.0	0.0	0.0	0.0	0.0	0.0	0.0	0.03705760321197522	
0.04195383846175609	0.0	0.0	0.06595472632037581	0.06182333144766895	0.055490420054400705	0.0	0.043918526311059546	0.0	0.0	0.0	0.05718888579350906	0.0	0.05125026754697895	0.062204801320258137	0.0	0.0	0.0	0.0	0.035723417213619935	0.0	0.032765153440337015	0.0371526420002697	0.0	0.034906174511998955	0.0	0.0	0.05347209585580449	0.0	0.0	0.03644334893422944	0.0435841812661091	0.033960121430593466	0.0	0.04174905017487141	0.0	0.0	0.07479075095237482	0.05657236449143027	0.030973643205581224	0.03751509433074557	0.03666026907851539	0.06603302224213735	0.03306414960672796	0.04830747774507456	0.0402797592299071	0.06993496922175135	0.0	0.03829190274851618	0.0	0.047958027765356986	0.04044452198147171	0.03982380059635136	0.0	0.0	0.035517214660311824	0.0	0.04337091477192394	0.0	0.03864139176400001	0.0	0.033370716214026985	0.0	0.03125712001890123	0.03915612186727641	0.030795148350302188	0.033046580080467874	0.040596386852161256	
0.0	0.0	0.0	0.0	0.0	0.0	0.0	0.0	0.0	0.0	0.06350835111046092	0.0	0.10069705543237567	0.0	0.0	0.03379433963314918	0.0	0.0	0.0	0.0	0.0	0.0	0.0303153527331306	0.034906174511998955	0.0	0.08786625332231829	0.033745078655347746	0.0	0.03580801441641175	0.0	0.07120854034125473	0.0	0.0	0.0	0.030642524135780672	0.0	0.0	0.0	0.0	0.0	0.0	0.0	0.0	0.0	0.0	0.0	0.06699108483605179	0.0	0.0	0.048078003514643836	0.0	0.0	0.0	0.0	0.0	0.0	0.0	0.0	0.07887909975025975	0.0	0.0418455681336253	0.0	0.0	0.0	0.037585199605339445	0.0	0.0	0.04718844852767976	
0.0	0.0	0.0	0.0	0.0	0.0	0.0	0.0	0.0	0.0	0.040328652206752746	0.0	0.06926821621267042	0.0	0.0	0.0	0.0	0.0	0.030908466004029713	0.0	0.0	0.03065070878051229	0.0	0.0	0.08786625332231829	0.0	0.0	0.0	0.0465477696959978	0.0	0.07737503688910584	0.05789610387726643	0.0	0.0	0.0	0.0	0.0	0.0	0.0	0.0	0.0	0.0	0.0	0.0	0.0	0.0	0.0	0.0	0.0	0.031323146757140846	0.0	0.0	0.0	0.0	0.0	0.0	0.0	0.0	0.046749164783609035	0.0	0.0	0.0	0.0	0.0	0.04809906473645979	0.0	0.0	0.0	
0.0	0.0	0.0	0.0	0.0	0.0	0.0	0.0	0.0	0.0	0.0	0.0	0.0	0.0	0.0	0.04799638120362374	0.030938906972197148	0.0	0.0	0.0	0.0	0.0	0.0	0.0	0.033745078655347746	0.0	0.0	0.0	0.0	0.0	0.0	0.0	0.0	0.0	0.0	0.03196085051456275	0.0	0.0	0.0	0.0	0.0	0.0	0.0	0.0	0.0	0.0	0.0	0.0	0.0	0.03801846297107417	0.0	0.0	0.0	0.0	0.0	0.0	0.0	0.0	0.03644183761648108	0.0	0.049937274662959476	0.0	0.0	0.0	0.0	0.0	0.0	0.0	
0.0	0.0	0.0	0.0	0.0	0.0	0.0	0.0	0.0	0.0	0.0	0.0	0.0	0.0	0.0	0.0	0.0	0.0	0.0	0.0	0.03052519923851772	0.0	0.0	0.05347209585580449	0.0	0.0	0.0	0.0	0.0	0.0	0.0	0.0	0.0	0.0	0.0	0.0	0.0	0.0	0.0	0.0	0.031154281925247176	0.0	0.0	0.0	0.0	0.0	0.0	0.0	0.0	0.0	0.0	0.0	0.0	0.0	0.0	0.0	0.0	0.0	0.0	0.0	0.0	0.0	0.0	0.0	0.0	0.0	0.0	0.0	
0.06344208412891092	0.0	0.0	0.0	0.0	0.03698144577465436	0.0	0.043215914082978854	0.0	0.03214957270036311	0.0	0.0	0.0	0.05986168823444147	0.0	0.0	0.0	0.0	0.043248683235934254	0.0	0.0	0.03156644141771625	0.0	0.0	0.03580801441641175	0.0465477696959978	0.0	0.0	0.0	0.042141244252748164	0.0374686226092945	0.05153841792344809	0.0	0.0	0.03018488669639193	0.0	0.0	0.0	0.0	0.0	0.0	0.0	0.0	0.0	0.0	0.0	0.0	0.0	0.0	0.0	0.0	0.0	0.0	0.0	0.0	0.030297626511975546	0.0	0.0	0.0	0.0	0.0	0.0	0.0	0.03162836101263033	0.0	0.0	0.0	0.0	
0.0356162775778181	0.0	0.0	0.04076233040888544	0.03912477167996678	0.03666629967842347	0.0	0.03016163192894754	0.0	0.0	0.0	0.03126062953065135	0.0	0.04310158732145213	0.03617887856734526	0.0	0.04639183316484758	0.0	0.0	0.031116822454271185	0.03421950082701962	0.03340109362759104	0.07126315328047376	0.0	0.0	0.0	0.0	0.0	0.042141244252748164	0.0	0.0	0.03326365070523482	0.038155507616832396	0.0	0.0	0.0	0.0	0.034270353215396884	0.03207766733715862	0.030427194966840897	0.0	0.0	0.0	0.0	0.0	0.0	0.0	0.0	0.0	0.0	0.038337232957382165	0.0	0.0	0.0	0.0	0.03097630225137331	0.0	0.0	0.0	0.0	0.0	0.0	0.0	0.06438319625417267	0.0	0.0	0.03492971501287311	0.0	
0.0	0.0	0.0	0.0	0.0	0.0	0.0	0.031203149592081383	0.0	0.0	0.05576830899706574	0.0	0.04824869139691163	0.0	0.0	0.0	0.0	0.0	0.030229261542666908	0.0	0.0	0.0	0.0	0.03644334893422944	0.07120854034125473	0.07737503688910584	0.0	0.0	0.0374686226092945	0.0	0.0	0.0	0.0	0.0	0.0	0.0	0.0	0.0	0.0	0.0	0.0	0.0	0.0	0.0	0.0	0.0	0.0	0.0	0.0	0.0	0.0	0.04055963007169967	0.034995213137714455	0.0	0.0	0.0	0.0	0.032390522368940314	0.0	0.04236150528119821	0.0	0.03155865451130789	0.0	0.0	0.0942718985034386	0.0	0.0	0.0	
0.0	0.045599625656357765	0.0	0.030884670071870873	0.06503162167272136	0.03560729210802649	0.0	0.0	0.0	0.0	0.0	0.033401270120976004	0.0	0.04959886037452992	0.036041067616259914	0.0	0.03390899097543391	0.0450583424919946	0.04850687413198747	0.030184415801170074	0.0	0.03766219877093362	0.03489870116464578	0.0435841812661091	0.0	0.05789610387726643	0.0	0.0	0.05153841792344809	0.03326365070523482	0.0	0.0	0.0	0.0	0.03359069012987268	0.03982127579725241	0.0	0.031861322027742466	0.0840893967867105	0.03486269230443451	0.0	0.039244273568274854	0.0430861569742944	0.0	0.033168691973568615	0.03269680049229656	0.0	0.03290057915280855	0.030184180402460098	0.0	0.0	0.0	0.0	0.0	0.034852674295980476	0.034541735514466904	0.0	0.03024512774611513	0.0	0.0	0.0	0.0	0.030828966542403934	0.0	0.0	0.0	0.0	0.04198945221870877	
0.06672568346911392	0.0	0.033209946931148045	0.03995101961486772	0.03918139892074251	0.04795256328630453	0.0	0.032991615336828935	0.0	0.03202672757880627	0.0	0.035829183346282815	0.0	0.05374933990163595	0.04509489507086419	0.0	0.0	0.0	0.0	0.035649052383178455	0.0	0.0	0.0	0.033960121430593466	0.0	0.0	0.0	0.0	0.0	0.038155507616832396	0.0	0.0	0.0	0.0	0.034924069688282766	0.0	0.0	0.039074772984531894	0.03059445576194738	0.0	0.0	0.0	0.0	0.0325113706688555	0.0340298842807168	0.033458592295691945	0.03666909402576223	0.0	0.03037868501930164	0.0	0.032929171890874145	0.0	0.03325943357259993	0.0	0.03389749972541044	0.0	0.03506873019910822	0.03213100764721159	0.0	0.0	0.0	0.0	0.0	0.034488104904458396	0.0	0.032896881141802635	0.03259692027780847	0.0	
0.05452981653198352	0.0	0.0	0.0	0.034449693629142436	0.0	0.0	0.0	0.0	0.0	0.0	0.0	0.0	0.05316178769699653	0.0	0.0	0.033762170848819065	0.0	0.0	0.0	0.0	0.0	0.0	0.0	0.0	0.0	0.0	0.0	0.0	0.0	0.0	0.0	0.0	0.0	0.0	0.0	0.0	0.0	0.0	0.0	0.0	0.0	0.0	0.0	0.0	0.0	0.0	0.0	0.0	0.0	0.0	0.0	0.0	0.0	0.0	0.0	0.0	0.0	0.0	0.0	0.0	0.0	0.0	0.0	0.0	0.0	0.0	0.0	
0.033940724257421055	0.0	0.0	0.0	0.03874926803068043	0.0	0.03136130409235797	0.03156153667340578	0.03140388081227232	0.03079786217517524	0.0	0.03499175475420583	0.0	0.03426708651108821	0.03592591775497631	0.0	0.0	0.0	0.0	0.03579789671490054	0.0	0.0	0.0	0.04174905017487141	0.030642524135780672	0.0	0.0	0.0	0.03018488669639193	0.0	0.0	0.03359069012987268	0.034924069688282766	0.0	0.0	0.0	0.0	0.0	0.04240703025980069	0.03752623688072111	0.05423004888256707	0.031052039468220615	0.0	0.03341882610496256	0.07042296369117096	0.050907922960965316	0.05738879851988419	0.03429572808226188	0.0603894617371992	0.0	0.03797055005953519	0.032723997516772164	0.0	0.033410582495091046	0.031591751945458026	0.0	0.0	0.03781630022335143	0.0	0.030130227313735134	0.0	0.030838305646182215	0.032722810936498765	0.03304198586198033	0.0	0.0	0.08370734014549903	0.0	
0.0	0.09142845371631686	0.0520141267870155	0.0	0.03345954979764564	0.0	0.0	0.0	0.0	0.0	0.0	0.0	0.0	0.0	0.0	0.0	0.0	0.0	0.0	0.030470208741310505	0.0	0.0	0.031932286911044085	0.0	0.0	0.0	0.03196085051456275	0.0	0.0	0.0	0.0	0.03982127579725241	0.0	0.0	0.0	0.0	0.0317191725831726	0.0	0.0	0.0	0.0	0.0	0.0	0.0	0.0	0.0	0.0	0.0	0.0	0.0	0.0	0.0	0.0	0.0	0.042600762017658445	0.03473549935057091	0.0	0.0	0.0	0.0	0.0	0.0	0.0	0.03119862101725006	0.0	0.0	0.0	0.0	
0.0	0.0	0.0	0.0	0.0	0.0	0.0	0.0	0.0	0.0	0.0	0.0	0.0	0.0	0.0	0.0	0.03066913819416778	0.0	0.0	0.0	0.0	0.03074136903253982	0.0	0.0	0.0	0.0	0.0	0.0	0.0	0.0	0.0	0.0	0.0	0.0	0.0	0.0317191725831726	0.0	0.0	0.0	0.0	0.0	0.0	0.0	0.0	0.0	0.0	0.0	0.0	0.0	0.0	0.0	0.0	0.0	0.0	0.0	0.03925264215665255	0.04870891096873692	0.0	0.0	0.0	0.0	0.0	0.0	0.0	0.0	0.0	0.0	0.0	
0.03998595831190087	0.0	0.0	0.0919450265961627	0.05015319134916587	0.06286950920253323	0.0	0.040884040939288484	0.0	0.0	0.0	0.046665735443320804	0.0	0.04729943138481393	0.05839618922730659	0.0	0.03302369108750733	0.0	0.0	0.0	0.0	0.0	0.0	0.07479075095237482	0.0	0.0	0.0	0.0	0.0	0.034270353215396884	0.0	0.031861322027742466	0.039074772984531894	0.0	0.0	0.0	0.0	0.0	0.046855222274265855	0.04568634109360729	0.0	0.0	0.06520373085113186	0.04048333823326835	0.03993094897889251	0.031192082233321778	0.042023754388128436	0.03278723569306384	0.0	0.038498706304572	0.0611670860680233	0.0	0.0	0.0	0.0	0.0	0.0	0.0	0.0	0.0	0.0	0.030235694771997636	0.0	0.03625924917476909	0.0	0.0	0.0	0.0	
0.0	0.0	0.0	0.03589657307228752	0.07440489197924559	0.059620622778169326	0.0	0.0508624170705253	0.0	0.0	0.03529418183151042	0.06357929145326886	0.03090049913512534	0.06453080442781213	0.06336153164970007	0.0	0.038308417462374636	0.0	0.0	0.04527838569599575	0.0	0.03506063948419398	0.04089606031137003	0.05657236449143027	0.0	0.0	0.0	0.0	0.0	0.03207766733715862	0.0	0.0840893967867105	0.03059445576194738	0.0	0.04240703025980069	0.0	0.0	0.046855222274265855	0.0	0.047370780404645436	0.0	0.0626972215796009	0.07524247276980968	0.03488684614236334	0.07032459029452545	0.05735882936108383	0.05398063751557704	0.0495050436774972	0.04766129284002525	0.0	0.037322864451420336	0.0	0.034234333312177935	0.0386872338125395	0.0	0.03691096555698325	0.0	0.0	0.0	0.0	0.0	0.0	0.06392810176850972	0.031484669747832164	0.0	0.05519175146844121	0.0	0.09554143279570904	
0.0	0.0	0.0	0.04608228891027126	0.05476148647680133	0.07209823333913207	0.0	0.06475958390697611	0.0451796108909347	0.03445680926041296	0.0	0.03685004473697447	0.0	0.04270590165624206	0.055698844055847026	0.0	0.030718574156945743	0.0	0.0	0.0	0.0	0.0	0.0	0.030973643205581224	0.0	0.0	0.0	0.0	0.0	0.030427194966840897	0.0	0.03486269230443451	0.0	0.0	0.03752623688072111	0.0	0.0	0.04568634109360729	0.047370780404645436	0.0	0.0	0.032718974100261936	0.040255067050978095	0.0	0.0	0.034166264627010674	0.0	0.09313676627065492	0.0668371087121435	0.0	0.0	0.0	0.0	0.0	0.0	0.0	0.0	0.0	0.0	0.0	0.0	0.0	0.043020375978227436	0.036589208972413634	0.0	0.03953787532866889	0.0637376320495263	0.04175707185584353	
0.0	0.0	0.0	0.0	0.0	0.0	0.0	0.0	0.0	0.03350380741714002	0.0	0.03522855504854439	0.0	0.033802194637401146	0.03443291580697265	0.0	0.0	0.0	0.0	0.03257861613140203	0.0	0.0	0.0	0.03751509433074557	0.0	0.0	0.0	0.031154281925247176	0.0	0.0	0.0	0.0	0.0	0.0	0.05423004888256707	0.0	0.0	0.0	0.0	0.0	0.0	0.0	0.03450052520880576	0.0	0.0	0.031239893435431206	0.0	0.0	0.030403941913919968	0.0	0.0	0.0	0.0	0.0	0.03556236864660704	0.0	0.0	0.05356881758837145	0.0	0.0	0.0	0.06182785526322001	0.0	0.06752380298035587	0.0	0.0	0.0	0.03220631365138142	
0.0	0.0	0.0	0.0	0.035234459099927694	0.03184465899556212	0.0	0.0	0.039649350028346395	0.0	0.0	0.04052449436769685	0.0	0.03018004263613356	0.034994499266370535	0.0	0.0	0.0	0.0	0.038793506338697166	0.0	0.0	0.0	0.03666026907851539	0.0	0.0	0.0	0.0	0.0	0.0	0.0	0.039244273568274854	0.0	0.0	0.031052039468220615	0.0	0.0	0.0	0.0626972215796009	0.032718974100261936	0.0	0.0	0.0360985813215322	0.04745961392023299	0.045810486846031895	0.0805045293933853	0.03202133769301893	0.0	0.09535441978463483	0.0	0.03246053478631904	0.0	0.0	0.03884403528485996	0.0	0.0	0.0	0.04026463679073378	0.0	0.0	0.0	0.0	0.05673700143208182	0.03834545346384496	0.0	0.0	0.0	0.04444695945416908	
0.037970444338891116	0.0	0.0	0.04124364299757807	0.07880468566787042	0.07713534443236887	0.0	0.066369180286582	0.0	0.0	0.0	0.09276921883521948	0.0	0.06200026841144273	0.08582064371690705	0.0	0.0	0.0	0.0	0.08358877174866215	0.0	0.04544147015481713	0.04427432908774032	0.06603302224213735	0.0	0.0	0.0	0.0	0.0	0.0	0.0	0.0430861569742944	0.0	0.0	0.0	0.0	0.0	0.06520373085113186	0.07524247276980968	0.040255067050978095	0.03450052520880576	0.0360985813215322	0.0	0.03880725989474832	0.04123418683507009	0.0665467625817118	0.04867543958687442	0.0	0.03751059201004716	0.030735275874396215	0.039011954618986454	0.0	0.0	0.0644617382795168	0.0	0.05236434157500716	0.0	0.0	0.0	0.0	0.0	0.0	0.0	0.036074501880882875	0.0	0.0	0.0	0.05459085250026872	
0.03432714160409088	0.0	0.0	0.030870103723149366	0.032673975139521624	0.030140326252890096	0.0	0.030885297616752617	0.03285748003543058	0.03426654673370596	0.0	0.03684338059356613	0.0	0.0	0.032847979509697534	0.0	0.0	0.0	0.0	0.032435809237006515	0.0	0.0	0.0	0.03306414960672796	0.0	0.0	0.0	0.0	0.0	0.0	0.0	0.0	0.0325113706688555	0.0	0.03341882610496256	0.0	0.0	0.04048333823326835	0.03488684614236334	0.0	0.0	0.04745961392023299	0.03880725989474832	0.0	0.03839884740950735	0.07802303469478888	0.030417272934493148	0.0	0.04517213230952879	0.0	0.038333969647454585	0.0	0.0	0.07943027491924426	0.0	0.0	0.0	0.03333989072874836	0.0	0.0	0.0	0.0	0.0	0.0	0.0	0.0	0.0	0.0	
0.034616280107624034	0.0	0.0	0.035022827406205256	0.03788913535929163	0.04495814627855723	0.0	0.034508485683599675	0.0	0.0	0.0	0.04397490000456631	0.0	0.039351968940485094	0.045927379651706485	0.0	0.030321592952256435	0.0	0.0	0.035693352628216775	0.0	0.0	0.0	0.04830747774507456	0.0	0.0	0.0	0.0	0.0	0.0	0.0	0.033168691973568615	0.0340298842807168	0.0	0.07042296369117096	0.0	0.0	0.03993094897889251	0.07032459029452545	0.0	0.0	0.045810486846031895	0.04123418683507009	0.03839884740950735	0.0	0.04872490794578328	0.07430589571294036	0.0	0.04918238665876218	0.0	0.04968926648686187	0.039059535815747476	0.031016700002743803	0.03290907578172582	0.0	0.0	0.0	0.0	0.0	0.03197885622592822	0.0	0.0	0.035915898907516404	0.0	0.0	0.03501239958438337	0.0	0.05537797864695477	
0.03471402815579602	0.0	0.0	0.0	0.05030911607239929	0.0	0.0	0.03063475155352445	0.06911225765861803	0.0	0.0	0.06709217999676405	0.0	0.0417394153186108	0.048612354925811396	0.0	0.0	0.0	0.0	0.07681162372101559	0.0	0.033837482601962454	0.0	0.0402797592299071	0.0	0.0	0.0	0.0	0.0	0.0	0.0	0.03269680049229656	0.033458592295691945	0.0	0.050907922960965316	0.0	0.0	0.031192082233321778	0.05735882936108383	0.034166264627010674	0.031239893435431206	0.0805045293933853	0.0665467625817118	0.07802303469478888	0.04872490794578328	0.0	0.04512143857969049	0.0	0.09435241427150266	0.0	0.04554139695147679	0.0	0.0	0.09691281046411715	0.0	0.04192437169438493	0.0	0.03370068139807809	0.0	0.0	0.0	0.0	0.0	0.0	0.0	0.032855882587794635	0.04539904403152857	0.03233577628356756	
0.0	0.0	0.0	0.030992485507060834	0.03743503236324029	0.03699163097303941	0.0	0.03590449925946132	0.0	0.0	0.0	0.04417665175017178	0.059552186045763185	0.03073945260814676	0.04232353262486136	0.0	0.0	0.0	0.0	0.03403816257262241	0.0	0.0	0.0	0.06993496922175135	0.06699108483605179	0.0	0.0	0.0	0.0	0.0	0.0	0.0	0.03666909402576223	0.0	0.05738879851988419	0.0	0.0	0.042023754388128436	0.05398063751557704	0.0	0.0	0.03202133769301893	0.04867543958687442	0.030417272934493148	0.07430589571294036	0.04512143857969049	0.0	0.0	0.04445401485462843	0.056651188655118936	0.052716259467054	0.06167547061356034	0.04314384260871555	0.03537406961816482	0.0	0.0	0.0	0.0	0.06097770186449591	0.05032294815450392	0.0	0.0	0.0	0.0	0.0	0.0	0.04074584965355745	0.053611279431996894	
0.0	0.0	0.0	0.03702508882756054	0.031882965539742916	0.051947221468324395	0.0	0.03293291533715929	0.03618742481915647	0.0	0.0	0.0	0.0	0.030809962849252796	0.03289583590577597	0.0	0.033619980702280186	0.0	0.0	0.0	0.0	0.0	0.0	0.0	0.0	0.0	0.0	0.0	0.0	0.0	0.0	0.03290057915280855	0.0	0.0	0.03429572808226188	0.0	0.0	0.03278723569306384	0.0495050436774972	0.09313676627065492	0.0	0.0	0.0	0.0	0.0	0.0	0.0	0.0	0.05449135155492384	0.0	0.0	0.0	0.03993420058573317	0.0	0.0	0.0	0.0	0.0	0.0	0.03411096517134883	0.0	0.0	0.0803666688329762	0.030231777466348624	0.0	0.07617667230222792	0.07890539056402673	0.04670167883031795	
0.03344044889849991	0.0	0.0	0.0	0.04378210280363472	0.03191660763033614	0.0	0.0	0.06365857909176714	0.0	0.0	0.048259004238546066	0.0	0.0356493928953344	0.041783880145596246	0.0	0.0	0.0	0.0	0.04538454077454975	0.0	0.0	0.0	0.03829190274851618	0.0	0.0	0.0	0.0	0.0	0.0	0.0	0.030184180402460098	0.03037868501930164	0.0	0.0603894617371992	0.0	0.0	0.0	0.04766129284002525	0.0668371087121435	0.030403941913919968	0.09535441978463483	0.03751059201004716	0.04517213230952879	0.04918238665876218	0.09435241427150266	0.04445401485462843	0.05449135155492384	0.0	0.0	0.0456111127062353	0.0339949293771892	0.03352319992088123	0.05758698292599233	0.03066829265637508	0.03731885940487698	0.0	0.045915371254625796	0.0	0.0	0.0	0.0	0.0	0.03777592253161013	0.0	0.041111970327532256	0.06250239320230655	0.0	
0.0	0.0	0.0	0.0	0.0	0.0	0.0	0.0	0.033244226111197844	0.0	0.0	0.0	0.03601531957455376	0.0	0.0	0.07533756525754919	0.0	0.0	0.0	0.0	0.0	0.04745845833335548	0.0	0.0	0.048078003514643836	0.031323146757140846	0.03801846297107417	0.0	0.0	0.0	0.0	0.0	0.0	0.0	0.0	0.0	0.0	0.038498706304572	0.0	0.0	0.0	0.0	0.030735275874396215	0.0	0.0	0.0	0.056651188655118936	0.0	0.0	0.0	0.04093477782014706	0.03466111459816956	0.03281734092271409	0.0	0.0	0.0	0.0	0.0	0.050107080421252656	0.0	0.05791149046311546	0.0	0.0	0.0	0.0	0.0	0.0	0.03253639470182235	
0.03374655097649967	0.0	0.0	0.05989150040497144	0.04171951168152535	0.03873326603014336	0.0	0.03782270643829025	0.0	0.0	0.0	0.040811461667086865	0.0	0.03412824755276407	0.04553114163418132	0.0	0.050448593065800414	0.0	0.0	0.03392371881031401	0.0	0.0	0.0	0.047958027765356986	0.0	0.0	0.0	0.0	0.0	0.038337232957382165	0.0	0.0	0.032929171890874145	0.0	0.03797055005953519	0.0	0.0	0.0611670860680233	0.037322864451420336	0.0	0.0	0.03246053478631904	0.039011954618986454	0.038333969647454585	0.04968926648686187	0.04554139695147679	0.052716259467054	0.0	0.0456111127062353	0.04093477782014706	0.0	0.043962476774588186	0.043461236744328995	0.0	0.0	0.0	0.0	0.032856052921111725	0.0	0.03206735551593689	0.0	0.0	0.0	0.052632911449483594	0.030791968119976653	0.03590955211449147	0.0	0.0	
0.0	0.0	0.0	0.0	0.035143333608016296	0.0	0.0	0.03202900919569165	0.0	0.0	0.03164811504135158	0.03145040825923516	0.0	0.0	0.03544421254342638	0.0	0.0400678918476401	0.0	0.0	0.0	0.0	0.0	0.0	0.04044452198147171	0.0	0.0	0.0	0.0	0.0	0.0	0.04055963007169967	0.0	0.0	0.0	0.032723997516772164	0.0	0.0	0.0	0.0	0.0	0.0	0.0	0.0	0.0	0.039059535815747476	0.0	0.06167547061356034	0.0	0.0339949293771892	0.03466111459816956	0.043962476774588186	0.0	0.09023076008509465	0.0	0.0	0.0	0.0	0.0	0.0	0.08945523045769274	0.0	0.0	0.04210001784542891	0.0	0.047777984324267095	0.06111049609404494	0.034720374346565275	0.0	
0.0	0.0	0.0	0.0	0.03481924585794954	0.0	0.0	0.0	0.0	0.0	0.035958524063209596	0.0	0.0	0.0	0.035296602379651196	0.0	0.04478244909819449	0.0	0.0	0.0	0.0	0.0	0.0	0.03982380059635136	0.0	0.0	0.0	0.0	0.0	0.0	0.034995213137714455	0.0	0.03325943357259993	0.0	0.0	0.0	0.0	0.0	0.034234333312177935	0.0	0.0	0.0	0.0	0.0	0.031016700002743803	0.0	0.04314384260871555	0.03993420058573317	0.03352319992088123	0.03281734092271409	0.043461236744328995	0.09023076008509465	0.0	0.0	0.03227224729179709	0.0	0.0	0.0	0.0	0.09145099351570196	0.0	0.0	0.0815359162224096	0.03313600131850972	0.0	0.09169654179956167	0.049284296832452064	0.0	
0.0	0.0	0.0	0.0	0.0	0.0	0.0	0.0	0.04916024206667406	0.03209632822236974	0.0	0.058023981445464785	0.0	0.0	0.03154863313245875	0.0	0.0	0.0	0.0	0.08350182545788816	0.0	0.03069104722372038	0.0	0.0	0.0	0.0	0.0	0.0	0.0	0.0	0.0	0.0	0.0	0.0	0.033410582495091046	0.0	0.0	0.0	0.0386872338125395	0.0	0.0	0.03884403528485996	0.0644617382795168	0.07943027491924426	0.03290907578172582	0.09691281046411715	0.03537406961816482	0.0	0.05758698292599233	0.0	0.0	0.0	0.0	0.0	0.0	0.03613954342964065	0.0	0.0	0.0	0.0	0.0	0.031059316517879496	0.0	0.0	0.0	0.0	0.0	0.03279161819891135	
0.0	0.04411357017167265	0.0	0.0	0.031078930817297727	0.0	0.0	0.0	0.0	0.0	0.0	0.0	0.0	0.0	0.0	0.0	0.0	0.0	0.0	0.03782782740362524	0.0	0.0	0.033677789942182915	0.0	0.0	0.0	0.0	0.0	0.0	0.0	0.0	0.034852674295980476	0.03389749972541044	0.0	0.031591751945458026	0.042600762017658445	0.0	0.0	0.0	0.0	0.03556236864660704	0.0	0.0	0.0	0.0	0.0	0.0	0.0	0.03066829265637508	0.0	0.0	0.0	0.03227224729179709	0.0	0.0	0.0	0.0895776206984514	0.035069585979288366	0.0	0.0	0.0	0.0	0.0	0.03269999921891369	0.0	0.0	0.03635218651179758	0.0	
0.0	0.0318830805133391	0.0	0.0	0.040719191499468246	0.03132627721421813	0.0	0.0	0.06496110330524463	0.0	0.0	0.05538356586476666	0.0	0.0404345841495612	0.03782033048850262	0.03321820173188145	0.0	0.0	0.0	0.06892297305235388	0.0	0.09652149505490108	0.04234052668821405	0.035517214660311824	0.0	0.0	0.0	0.0	0.030297626511975546	0.03097630225137331	0.0	0.034541735514466904	0.0	0.0	0.0	0.03473549935057091	0.03925264215665255	0.0	0.03691096555698325	0.0	0.0	0.0	0.05236434157500716	0.0	0.0	0.04192437169438493	0.0	0.0	0.03731885940487698	0.0	0.0	0.0	0.0	0.03613954342964065	0.0	0.0	0.0	0.04530573639617963	0.03064349623568235	0.0	0.03117359540649995	0.03824038829609367	0.0	0.0	0.03183105601260805	0.0	0.0	0.0	
0.0	0.03123442717862215	0.03309960146840035	0.0	0.032312778250719855	0.0	0.0	0.0	0.0	0.0	0.0	0.03015091549029842	0.0	0.0	0.0	0.0	0.0	0.0	0.0	0.03244898410377097	0.0	0.0	0.030961208473941734	0.0	0.0	0.0	0.0	0.0	0.0	0.0	0.0	0.0	0.03506873019910822	0.0	0.0	0.0	0.04870891096873692	0.0	0.0	0.0	0.0	0.0	0.0	0.0	0.0	0.0	0.0	0.0	0.0	0.0	0.0	0.0	0.0	0.0	0.0895776206984514	0.0	0.0	0.03316703871816888	0.0	0.0	0.0	0.0306301055837443	0.0	0.0	0.0	0.0	0.0	0.0	
0.040526427171788004	0.0	0.0	0.03990316136864899	0.04098207782401499	0.03188955775555536	0.0	0.0	0.04972138113852832	0.0	0.0	0.036766798783221775	0.0	0.04018235424079162	0.03817239373502133	0.0	0.0	0.0	0.0	0.030717259399967677	0.0	0.042486258670851346	0.0	0.04337091477192394	0.0	0.0	0.0	0.0	0.0	0.0	0.032390522368940314	0.03024512774611513	0.03213100764721159	0.0	0.03781630022335143	0.0	0.0	0.0	0.0	0.0	0.05356881758837145	0.04026463679073378	0.0	0.03333989072874836	0.0	0.03370068139807809	0.0	0.0	0.045915371254625796	0.0	0.032856052921111725	0.0	0.0	0.0	0.035069585979288366	0.04530573639617963	0.03316703871816888	0.0	0.05095036045725799	0.0	0.05300616445349737	0.09800756705695399	0.0	0.042144692429472504	0.04303513765037254	0.0351104340825096	0.0	0.0	
0.03068542734233238	0.0	0.03190485945385766	0.03138007862411034	0.0	0.0	0.0362911887858123	0.0	0.040177359108262006	0.0	0.037565309172895064	0.0	0.08181494003562682	0.0	0.0	0.0460807701303109	0.030485456466087878	0.0	0.0	0.0	0.0	0.040544813443513524	0.0	0.0	0.07887909975025975	0.046749164783609035	0.03644183761648108	0.0	0.0	0.0	0.0	0.0	0.0	0.0	0.0	0.0	0.0	0.0	0.0	0.0	0.0	0.0	0.0	0.0	0.0	0.0	0.06097770186449591	0.0	0.0	0.050107080421252656	0.0	0.0	0.0	0.0	0.0	0.03064349623568235	0.0	0.05095036045725799	0.0	0.0	0.07092680256703496	0.03831932344661146	0.0	0.0	0.03760905128601189	0.03565871636629425	0.0	0.04934940662556845	
0.0	0.0	0.0	0.0	0.03645341828729291	0.0	0.0	0.0	0.0	0.0	0.038724002492190816	0.030443613848902592	0.0	0.0	0.03457519020036389	0.0	0.03506948272533386	0.0	0.0	0.0	0.0	0.0	0.0	0.03864139176400001	0.0	0.0	0.0	0.0	0.0	0.0	0.04236150528119821	0.0	0.0	0.0	0.030130227313735134	0.0	0.0	0.0	0.0	0.0	0.0	0.0	0.0	0.0	0.03197885622592822	0.0	0.05032294815450392	0.03411096517134883	0.0	0.0	0.03206735551593689	0.08945523045769274	0.09145099351570196	0.0	0.0	0.0	0.0	0.0	0.0	0.0	0.0	0.0	0.05516678731818737	0.0	0.04351361066352713	0.0774938532299171	0.03708373814958911	0.0	
0.0	0.0	0.0	0.0	0.0	0.0	0.0	0.0	0.03021411379729829	0.0	0.0	0.0	0.03742225834125128	0.0	0.0	0.03227360094588661	0.03159937498446828	0.0	0.0	0.0	0.0	0.036563352192530284	0.0	0.0	0.0418455681336253	0.0	0.049937274662959476	0.0	0.0	0.0	0.0	0.0	0.0	0.0	0.0	0.0	0.0	0.0	0.0	0.0	0.0	0.0	0.0	0.0	0.0	0.0	0.0	0.0	0.0	0.05791149046311546	0.0	0.0	0.0	0.0	0.0	0.03117359540649995	0.0	0.05300616445349737	0.07092680256703496	0.0	0.0	0.04623228955786061	0.0	0.0	0.0	0.0	0.0	0.030778555420483928	
0.03062566451045102	0.0	0.0	0.0	0.0	0.0	0.0	0.0	0.0	0.0	0.0	0.0	0.0	0.031805422800235995	0.0	0.0	0.0	0.0	0.0	0.0	0.0	0.03660738389027131	0.0	0.033370716214026985	0.0	0.0	0.0	0.0	0.0	0.0	0.03155865451130789	0.0	0.0	0.0	0.030838305646182215	0.0	0.0	0.030235694771997636	0.0	0.0	0.06182785526322001	0.0	0.0	0.0	0.0	0.0	0.0	0.0	0.0	0.0	0.0	0.0	0.0	0.031059316517879496	0.0	0.03824038829609367	0.0306301055837443	0.09800756705695399	0.03831932344661146	0.0	0.04623228955786061	0.0	0.0	0.03355913053617083	0.03364848494750413	0.0	0.0	0.0	
0.0	0.0	0.0	0.0	0.0	0.032368238056166454	0.0	0.0	0.0	0.0	0.0	0.0	0.0	0.030871942697129045	0.030555802749074	0.0	0.03293285879050645	0.0	0.0	0.0	0.0	0.0	0.0	0.0	0.0	0.0	0.0	0.0	0.0	0.0	0.0	0.030828966542403934	0.0	0.0	0.032722810936498765	0.0	0.0	0.0	0.06392810176850972	0.043020375978227436	0.0	0.05673700143208182	0.0	0.0	0.035915898907516404	0.0	0.0	0.0803666688329762	0.0	0.0	0.0	0.04210001784542891	0.0815359162224096	0.0	0.0	0.0	0.0	0.0	0.0	0.05516678731818737	0.0	0.0	0.0	0.033652615600278525	0.0	0.09561726053451193	0.09121302619213338	0.04973002684511404	
0.0	0.033244455174824036	0.031941828555314584	0.043664200589825626	0.04186761960656596	0.04354174969912334	0.0	0.03405591089660818	0.0	0.0	0.03124925679434497	0.03952607321883181	0.0	0.03754787700555438	0.044224189031798755	0.0	0.03282855403677217	0.0	0.0	0.03199792675912845	0.0	0.0	0.0	0.03125712001890123	0.0	0.0	0.0	0.0	0.03162836101263033	0.06438319625417267	0.0	0.0	0.034488104904458396	0.0	0.03304198586198033	0.03119862101725006	0.0	0.03625924917476909	0.031484669747832164	0.036589208972413634	0.06752380298035587	0.03834545346384496	0.036074501880882875	0.0	0.0	0.0	0.0	0.030231777466348624	0.03777592253161013	0.0	0.052632911449483594	0.0	0.03313600131850972	0.0	0.03269999921891369	0.0	0.0	0.042144692429472504	0.0	0.0	0.0	0.03355913053617083	0.033652615600278525	0.0	0.030986427395385437	0.037663869658470836	0.0354849370319286	0.0	
