#theta
0.0	0.0	0.03649447487908627	0.06341722958340588	0.05369924086476838	0.07667786567043908	0.03789542257804617	0.045334100109374074	0.0	0.0	0.052648068823072144	0.07005244879187664	0.0	0.07813674502009185	0.0744360715195701	0.0	0.0	0.034136574275652025	0.0	0.041057275683620484	0.0	0.0	0.0	0.05460241001577005	0.0	0.0	0.0	0.0	0.038209630297718476	0.0	0.0	0.0	0.048385486492538925	0.0	0.0	0.0	0.0	0.07357850189580309	0.04057246982747168	0.0	0.05085509023985177	0.0	0.07110641450724321	0.042092738673996793	0.035417209866335286	0.037917983454021635	0.0	0.0	0.0	0.0	0.0	0.0	0.0	0.035031972829928884	0.0	0.0	0.0	0.03976284013155928	0.03477001432632102	0.0	0.0	0.0	0.0	0.0	0.0	0.0	0.0	0.0	
0.0	0.0	0.040505002139060574	0.0	0.0	0.0	0.0	0.0	0.0	0.0	0.0	0.0	0.0	0.0	0.0	0.0	0.0	0.0	0.0	0.0	0.0	0.0	0.0	0.0	0.0	0.0	0.03487101700138298	0.0	0.0	0.0	0.0	0.04145960172542241	0.0	0.0	0.0	0.1026773035930763	0.05050938746198983	0.0	0.0	0.0	0.0	0.0	0.0	0.0	0.0	0.0	0.0	0.0	0.03583345780428019	0.0	0.0	0.0	0.041109676678838705	0.0	0.0588243422845044	0.0	0.05163892868692782	0.0	0.0	0.0	0.0	0.0	0.041364427871576605	0.0	0.0	0.05363996466587123	0.04560107963834115	0.0	
0.03649447487908627	0.040505002139060574	0.0	0.0	0.0	0.0	0.0	0.0	0.0	0.0	0.0441716950319063	0.0	0.03759268785799605	0.034424060380480626	0.0	0.0	0.0	0.0	0.0	0.0	0.03695966905374911	0.0	0.0	0.0	0.03595362626522163	0.035030428279354014	0.0	0.0	0.0	0.0	0.0	0.0	0.03628547104317033	0.0	0.0	0.0	0.0	0.0	0.0	0.0	0.0	0.0	0.0	0.0	0.0	0.0	0.0	0.0	0.0	0.0	0.0	0.0	0.0	0.0	0.0	0.0	0.0	0.0	0.04422468872301893	0.0	0.0	0.0	0.0	0.0	0.0	0.0	0.0	0.0	
0.06341722958340588	0.0	0.0	0.0	0.07339259068642243	0.07894164874755881	0.043061866404323045	0.07973165790809092	0.0	0.03533473577478263	0.03888114745545317	0.049880406057670794	0.0	0.07128224422576973	0.08156064540076248	0.0	0.0	0.0	0.0	0.0	0.0	0.0	0.0	0.07901917265966263	0.0	0.0	0.0	0.0	0.0	0.043204539706388594	0.042567306707105304	0.036019979367264345	0.04713029904316077	0.0	0.0	0.0	0.044026584831000866	0.09173301528480748	0.05862257132308697	0.05651341412044967	0.0	0.04104771800834996	0.056722426766352516	0.047117499718457696	0.04409984930341607	0.039467147192726086	0.03616671374236582	0.04538505571401083	0.03799644176743803	0.0	0.052579216507590606	0.0	0.0	0.035521236930600386	0.0	0.0	0.0	0.05286512893435443	0.03878788900312789	0.037957216381966113	0.033803701182611244	0.0	0.0	0.0	0.04204676328078344	0.0	0.0	0.03999880623958691	
0.05369924086476838	0.0	0.0	0.07339259068642243	0.0	0.08193447424360388	0.0	0.09560876169801247	0.03907147985916342	0.0	0.0	0.09392518151848099	0.0	0.0974311236353514	0.09586792588733001	0.0	0.0	0.0	0.0	0.06853602956284477	0.0	0.04291594006837602	0.03482850348950316	0.08358076382308025	0.0	0.04159700556927745	0.0	0.0	0.039146399842409585	0.03683722329196005	0.03602101227704845	0.07932716621759707	0.05078490211142278	0.0	0.050139687847145654	0.0	0.0	0.07080884104073462	0.0806701294980732	0.03578112186066535	0.0	0.059889837921453165	0.07759411556238761	0.04054980669801762	0.05602528793284365	0.06849320673972437	0.05813398900793788	0.0	0.06059445676705045	0.0	0.0541451287601879	0.044942524578911305	0.0	0.0405383868709657	0.0	0.04246157882522585	0.0	0.07865915062928973	0.0	0.04489610351057446	0.0	0.046608057141013445	0.0	0.034122085513036034	0.050127328543518035	0.0	0.0	0.04724472610262982	
0.07667786567043908	0.0	0.0	0.07894164874755881	0.08193447424360388	0.0	0.0	0.08667030031064438	0.0	0.0	0.033974092163598556	0.09100705791038038	0.0	0.09638463258547493	0.09629729501530518	0.0	0.0	0.0	0.0	0.05072538269190325	0.0	0.0	0.03649397285233449	0.07363548261064176	0.0	0.0	0.0	0.0	0.053676344845891025	0.0	0.0	0.05554728541495348	0.07265607792109671	0.0	0.0	0.0	0.0	0.08500445730744371	0.07027714031340411	0.06361496992239142	0.0	0.03579596114975549	0.09349292783956886	0.04219644940374888	0.05115042528425623	0.03890637041116486	0.04810061446790372	0.051977887110886196	0.0	0.0	0.03892583782866486	0.0	0.0	0.0	0.0	0.0	0.0	0.049993094773289205	0.0	0.037808701283876034	0.0	0.03778067668438322	0.034803000126908595	0.0	0.033898612342646114	0.0	0.0	0.05224495632304094	
0.03789542257804617	0.0	0.0	0.043061866404323045	0.0	0.0	0.0	0.0	0.0	0.0	0.0	0.0	0.0	0.0	0.0	0.0	0.0	0.0	0.0	0.0	0.0	0.0	0.0	0.038182664718102347	0.0	0.0	0.0	0.0	0.0	0.0	0.0	0.0	0.0	0.0	0.03459942337487672	0.0	0.0	0.036690462299224826	0.0	0.0	0.03452791966290805	0.0	0.0	0.03482009021392661	0.0	0.0	0.0	0.0	0.0	0.0	0.0	0.0	0.0	0.0	0.0	0.0	0.0	0.0	0.03793575681303544	0.0	0.0	0.0	0.0	0.0	0.039866690784812836	0.0	0.0	0.0	
0.045334100109374074	0.0	0.0	0.07973165790809092	0.09560876169801247	0.08667030031064438	0.0	0.0	0.036641251272834185	0.0	0.0364223791497163	0.10128015843148344	0.0	0.09008960524406925	0.09445309526127488	0.0	0.0377073937088309	0.03697496945623332	0.0	0.08017775781055927	0.0	0.0	0.0	0.0699571050473948	0.0	0.0	0.0	0.0	0.0	0.03981029806277216	0.03638203231136457	0.0521144318535086	0.03954910071331291	0.0	0.04241314609808047	0.0	0.0	0.07322904069106126	0.07758593101071297	0.03587494417804533	0.0	0.059304240897082174	0.0773432107271951	0.03854014121226709	0.06059538701936183	0.06428485153612744	0.055909912652607995	0.0	0.05229939664007861	0.0	0.07586794154110185	0.0473669064706773	0.0	0.046804567125399064	0.0	0.0	0.0	0.06026109386754596	0.0	0.04783525005098153	0.0	0.0	0.0	0.0	0.03841237651290982	0.0	0.0	0.054671025601034345	
0.0	0.0	0.0	0.0	0.03907147985916342	0.0	0.0	0.036641251272834185	0.0	0.0	0.0	0.06280669971776999	0.0	0.0	0.03983397571071459	0.0	0.0	0.0	0.0	0.057699390193834	0.0	0.05498724186298404	0.0	0.0	0.0	0.0	0.0	0.0	0.0	0.0	0.0	0.0	0.0	0.035864841850104	0.0	0.0	0.0	0.0	0.0	0.059201534610164225	0.0	0.050486876807602894	0.045081003495714325	0.0	0.0	0.07149099707178169	0.0	0.05735085122437155	0.06043425074804356	0.0	0.04042237052041274	0.0	0.0	0.05982361140729843	0.0	0.06964024253682523	0.0	0.04720799855166972	0.04013991109624413	0.0	0.0	0.0	0.0	0.03811114684983595	0.0	0.04202176851834698	0.04675169977468404	0.0	
0.0	0.0	0.0	0.03533473577478263	0.0	0.0	0.0	0.0	0.0	0.0	0.0	0.0	0.0	0.0	0.0	0.0	0.0	0.0	0.0	0.0	0.0	0.0	0.0	0.0	0.0	0.0	0.0	0.0	0.0	0.0	0.0	0.0	0.0	0.0	0.0	0.03608283578870068	0.0	0.0	0.0	0.03460058986187952	0.0	0.0	0.0	0.0	0.0	0.0	0.0	0.03701775428715659	0.0	0.0	0.0	0.0	0.0	0.0	0.0	0.03561685542301432	0.0	0.0	0.0	0.0	0.0	0.0	0.0	0.0	0.0	0.0	0.0	0.0	
0.052648068823072144	0.0	0.0441716950319063	0.03888114745545317	0.0	0.033974092163598556	0.0	0.0364223791497163	0.0	0.0	0.0	0.0	0.08361097510775306	0.0	0.03440866653534472	0.0	0.07851838632273817	0.07949955880311428	0.0	0.0	0.0	0.0	0.0	0.0	0.0577503231579522	0.03381567225422163	0.03492239831209003	0.0	0.0	0.0	0.0	0.0	0.0	0.0	0.0	0.0348114948242159	0.03380861507157271	0.0	0.0	0.0	0.0	0.0	0.0	0.0	0.034742416798488315	0.0	0.0	0.0	0.0	0.0	0.0	0.0	0.0	0.0	0.0	0.0	0.0	0.034126447582962245	0.05781915695222152	0.03534812054677366	0.050849833469906514	0.0	0.0	0.0	0.0	0.0	0.0	0.0	
0.07005244879187664	0.0	0.0	0.049880406057670794	0.09392518151848099	0.09100705791038038	0.0	0.10128015843148344	0.06280669971776999	0.0	0.0	0.0	0.0	0.09733275053864025	0.1011465790938056	0.0	0.03450110400366281	0.035328776513393376	0.0	0.09873097184346209	0.0	0.04561904214901878	0.0356471151681511	0.06607397460679659	0.0	0.0	0.0	0.0	0.0	0.03852407152686074	0.03402197344864362	0.06280888446185534	0.04830671647738541	0.0	0.05602854072206862	0.0	0.0	0.06871331372016233	0.08255794919964571	0.0	0.0	0.06656753699822854	0.0885416832783711	0.04869262191960348	0.06008409553171919	0.098560465687992	0.06318515439637283	0.0	0.07297006959631616	0.0	0.07050400228433103	0.042999357382433656	0.0	0.08298610948013942	0.0	0.058120663122183606	0.0	0.05056160691130772	0.0	0.04534969722900545	0.0	0.0	0.0	0.03577519063911798	0.035219765270828936	0.0	0.0413851026460193	0.045194231327136854	
0.0	0.0	0.03759268785799605	0.0	0.0	0.0	0.0	0.0	0.0	0.0	0.08361097510775306	0.0	0.0	0.0	0.0	0.03490873214757724	0.03746103964217754	0.04476531932960853	0.0	0.0	0.0	0.0	0.0	0.0	0.09693230801909807	0.0685575735249496	0.0	0.0	0.0	0.0	0.0	0.0	0.0	0.0	0.0	0.0	0.0	0.0	0.04042555732006311	0.0	0.0	0.0	0.0	0.0	0.03608078574650411	0.0	0.06605675182887559	0.0	0.0	0.04171131106370498	0.0	0.0	0.0	0.0	0.0	0.0	0.0	0.0	0.07898612348299709	0.0	0.04986702461429135	0.0	0.0	0.0	0.0	0.0	0.0	0.05835272232604795	
0.07813674502009185	0.0	0.034424060380480626	0.07128224422576973	0.0974311236353514	0.09638463258547493	0.0	0.09008960524406925	0.0	0.0	0.0	0.09733275053864025	0.0	0.0	0.10397509695131979	0.0	0.0	0.0	0.047146725486537575	0.057498529269125624	0.0	0.04235416678223737	0.0	0.08319244594511978	0.0	0.048007738469588876	0.0	0.0	0.05979286117342428	0.0	0.03583186195544842	0.07491812997246498	0.05884255289658412	0.034780737013502275	0.03570070767076374	0.0	0.0	0.07672736105520957	0.08759578468241642	0.05369026693529152	0.03558069349411884	0.04147942974113172	0.09588528523397975	0.03434252130601712	0.04750335443390333	0.04596302020303981	0.047909594857995084	0.041384517065808486	0.03861571821278126	0.0	0.04022536020694624	0.0	0.0	0.0	0.0	0.0	0.0	0.05892510393478932	0.0	0.03484527917798162	0.0	0.03709114031740402	0.034907095301682275	0.0	0.04042341450443255	0.0	0.0	0.05626602101979055	
0.0744360715195701	0.0	0.0	0.08156064540076248	0.09586792588733001	0.09629729501530518	0.0	0.09445309526127488	0.03983397571071459	0.0	0.03440866653534472	0.1011465790938056	0.0	0.10397509695131979	0.0	0.0	0.0	0.0	0.0	0.07909990308719964	0.0	0.0	0.0	0.08637089331381517	0.0	0.0	0.0	0.0	0.0	0.038666847627423326	0.0394338543631898	0.057758467313423115	0.064499634864849	0.0	0.046085819843547635	0.0	0.0	0.08327780231932493	0.07977356478433677	0.037701605573137384	0.0	0.060696571245402	0.08520228901064449	0.04578234072743315	0.06418477797290768	0.0719717106586803	0.06034997412739296	0.0	0.0556541208016801	0.0	0.0699423896597754	0.048291541478292406	0.0	0.046797590173360465	0.0	0.0	0.0	0.06965534067450393	0.0	0.04949474792202122	0.0	0.04229218844129339	0.0	0.0	0.0438620429004108	0.0	0.0	0.05499018329228124	
0.0	0.0	0.0	0.0	0.0	0.0	0.0	0.0	0.0	0.0	0.0	0.0	0.03490873214757724	0.0	0.0	0.0	0.0	0.0	0.0	0.0	0.04785102309014058	0.07293402607670979	0.0	0.0	0.03724357694066888	0.03733860732636711	0.05255242512291168	0.0	0.0	0.0	0.0	0.0	0.0	0.0	0.0	0.0	0.0	0.0	0.0	0.0	0.0	0.0	0.0	0.0	0.0	0.0	0.0	0.0	0.0	0.07371189702669222	0.0	0.0	0.0	0.0	0.0	0.034360949425153775	0.0	0.0	0.047446695188707214	0.0	0.042029522107167	0.0	0.0	0.0	0.0	0.0	0.0	0.0	
0.0	0.0	0.0	0.0	0.0	0.0	0.0	0.0377073937088309	0.0	0.0	0.07851838632273817	0.03450110400366281	0.03746103964217754	0.0	0.0	0.0	0.0	0.08077787203926545	0.03654142628900052	0.035644179294323654	0.0	0.034584079173096555	0.04530141384176953	0.0	0.0	0.0	0.05056529816052798	0.0	0.05021464950435343	0.04210872681183031	0.0	0.04271746016433842	0.0	0.040357077093067864	0.0	0.0	0.041821229827420044	0.0	0.0	0.0	0.0	0.0	0.0	0.0	0.049123370498559984	0.0	0.035545900945145495	0.0	0.0	0.0	0.05723791339727246	0.042609452495584656	0.0	0.0	0.0	0.0	0.0	0.0	0.039092987037876385	0.0	0.05248430575628876	0.0	0.03555139707838596	0.0	0.0	0.036368711079347416	0.0	0.039325599985834916	
0.034136574275652025	0.0	0.0	0.0	0.0	0.0	0.0	0.03697496945623332	0.0	0.0	0.07949955880311428	0.035328776513393376	0.04476531932960853	0.0	0.0	0.0	0.08077787203926545	0.0	0.05922774769771632	0.0376621932830253	0.0	0.0	0.0	0.0	0.0	0.0	0.0	0.0	0.03866902812124302	0.0	0.0	0.05403143785079093	0.0	0.0	0.0	0.0	0.0	0.0	0.0	0.0	0.03381733298797636	0.0	0.0	0.0	0.04088750194401725	0.0	0.0	0.0	0.0	0.0	0.03970767571754439	0.0	0.0	0.0	0.0	0.0	0.0	0.0	0.03605388609727119	0.0	0.03625646791017526	0.0	0.0	0.0	0.0	0.0	0.0	0.0	
0.0	0.0	0.0	0.0	0.0	0.0	0.0	0.0	0.0	0.0	0.0	0.0	0.0	0.047146725486537575	0.0	0.0	0.03654142628900052	0.05922774769771632	0.0	0.0	0.0	0.0	0.0	0.0	0.034277160633774936	0.06537811089192774	0.0	0.0	0.08010516300683287	0.0	0.0	0.05806493537381988	0.0	0.0	0.0	0.0	0.0	0.0	0.03573982358582356	0.0	0.0	0.0	0.0	0.0	0.0	0.0	0.0	0.0	0.0	0.0	0.03920717544594772	0.0	0.0	0.0	0.0	0.0	0.0	0.0	0.0	0.0	0.0	0.0	0.0	0.0	0.0	0.0	0.0	0.0	
0.041057275683620484	0.0	0.0	0.0	0.06853602956284477	0.05072538269190325	0.0	0.08017775781055927	0.057699390193834	0.0	0.0	0.09873097184346209	0.0	0.057498529269125624	0.07909990308719964	0.0	0.035644179294323654	0.0376621932830253	0.0	0.0	0.0	0.05145426685096646	0.03706783200985615	0.03730605587006442	0.0	0.0	0.0	0.0	0.0	0.0	0.0	0.042683606030145406	0.03802437017086278	0.0	0.051764776314779604	0.0	0.0	0.035665901719618066	0.06952088316243885	0.0	0.0	0.05390591522556204	0.08667473807831608	0.03848575503224595	0.05697456221130864	0.08215504670443632	0.053825078446292626	0.0	0.059547068573540494	0.0	0.05130632214621163	0.03462216355863284	0.0	0.08787525170916083	0.034843961217359165	0.06449305700345996	0.0	0.03728044375489618	0.0	0.0	0.0	0.0	0.0	0.0352512928167375	0.0	0.0	0.04586931596466567	0.03401171184870638	
0.0	0.0	0.03695966905374911	0.0	0.0	0.0	0.0	0.0	0.0	0.0	0.0	0.0	0.0	0.0	0.0	0.04785102309014058	0.0	0.0	0.0	0.0	0.0	0.04797660080070481	0.06304518862516709	0.0	0.0	0.0	0.0	0.04443539123019235	0.0	0.0	0.0	0.0	0.0	0.0	0.0	0.0	0.0	0.0	0.0	0.0	0.0	0.0	0.0	0.0	0.0	0.0	0.0	0.0	0.0	0.0	0.0	0.0	0.0	0.0	0.0	0.0	0.0	0.0	0.0	0.0	0.0	0.0	0.0	0.0	0.0	0.0	0.0	0.0	
0.0	0.0	0.0	0.0	0.04291594006837602	0.0	0.0	0.0	0.05498724186298404	0.0	0.0	0.04561904214901878	0.0	0.04235416678223737	0.0	0.07293402607670979	0.034584079173096555	0.0	0.0	0.05145426685096646	0.04797660080070481	0.0	0.04649381439382901	0.0	0.0	0.04620594122219235	0.0	0.0	0.03728431473358815	0.0	0.0	0.04599809610666039	0.0	0.0	0.0	0.0	0.0	0.0	0.03919643761486719	0.0	0.0	0.0	0.04150274356947343	0.0	0.0	0.0	0.0	0.0	0.0	0.0401726006454555	0.0	0.0	0.0	0.0	0.0	0.0889043003094802	0.0	0.03393420824896618	0.041295750699462	0.0	0.0	0.0	0.0	0.03886869271304551	0.0	0.0	0.0	0.0	
0.0	0.0	0.0	0.0	0.03482850348950316	0.03649397285233449	0.0	0.0	0.0	0.0	0.0	0.0356471151681511	0.0	0.0	0.0	0.0	0.04530141384176953	0.0	0.0	0.03706783200985615	0.06304518862516709	0.04649381439382901	0.0	0.04817808134133675	0.0	0.0	0.0	0.03424292743649749	0.03659050732474472	0.0	0.0	0.04267619318658055	0.044476447691908005	0.0	0.0	0.0	0.0	0.0	0.03579237031800661	0.0	0.0	0.0	0.04374675520285738	0.0	0.0	0.0	0.040734924815110644	0.0	0.0	0.0	0.0	0.0	0.0	0.0	0.0	0.04733878153533685	0.0	0.0	0.0	0.0	0.0	0.0	0.0	0.0	0.0	0.0	0.0	0.0	
0.05460241001577005	0.0	0.0	0.07901917265966263	0.08358076382308025	0.07363548261064176	0.038182664718102347	0.0699571050473948	0.0	0.0	0.0	0.06607397460679659	0.0	0.08319244594511978	0.08637089331381517	0.0	0.0	0.0	0.0	0.03730605587006442	0.0	0.0	0.04817808134133675	0.0	0.03656278457233196	0.0	0.0	0.04571466554653049	0.0408227664458131	0.036519153338789405	0.04779039957931138	0.0689552402948697	0.06585000228822488	0.0	0.046498963572813	0.0	0.0	0.08324954324075441	0.08961111488519172	0.03384453717294059	0.04288572560932883	0.04749127027093174	0.06332977910963149	0.05057078379572404	0.07065116969105607	0.043180960318768544	0.08399605732700077	0.0	0.03790401925187441	0.0	0.05854448306583168	0.04508244410348552	0.0	0.0	0.0	0.0	0.0	0.06250494624044084	0.0	0.053018603660158876	0.0	0.04302852430174731	0.0	0.0	0.04758046056082745	0.0	0.0	0.06765209156355587	
0.0	0.0	0.03595362626522163	0.0	0.0	0.0	0.0	0.0	0.0	0.0	0.0577503231579522	0.0	0.09693230801909807	0.0	0.0	0.03724357694066888	0.0	0.0	0.034277160633774936	0.0	0.0	0.0	0.0	0.03656278457233196	0.0	0.08759541046923199	0.04702370037703876	0.0	0.0	0.0	0.045401972678470515	0.0	0.0	0.0	0.04376651134601768	0.0	0.0	0.0	0.03857816297271283	0.0	0.0	0.03422106594972788	0.0	0.0	0.04169102258211315	0.0	0.08133882953314922	0.0	0.03550761636752401	0.06328396554080026	0.04044286264795945	0.040940306551524724	0.04010442224591663	0.0	0.0	0.0	0.0	0.0	0.08006111287151098	0.0	0.05934675891701775	0.0	0.0	0.0	0.0	0.0	0.03771277967984601	0.056430552019296046	
0.0	0.0	0.035030428279354014	0.0	0.04159700556927745	0.0	0.0	0.0	0.0	0.0	0.03381567225422163	0.0	0.0685575735249496	0.048007738469588876	0.0	0.03733860732636711	0.0	0.0	0.06537811089192774	0.0	0.0	0.04620594122219235	0.0	0.0	0.08759541046923199	0.0	0.0	0.0	0.04609994019804353	0.0	0.05647375266834735	0.04932582134755099	0.0	0.0	0.033993685069270425	0.0	0.0	0.0	0.0	0.0	0.0	0.0	0.0	0.0	0.03572189435748739	0.0	0.04181924527398923	0.0	0.0	0.03682466276677616	0.0	0.0	0.0	0.0	0.0	0.03778697961014699	0.0	0.0	0.05527769789888009	0.0	0.0	0.0	0.0	0.0	0.0	0.0	0.0	0.0	
0.0	0.03487101700138298	0.0	0.0	0.0	0.0	0.0	0.0	0.0	0.0	0.03492239831209003	0.0	0.0	0.0	0.0	0.05255242512291168	0.05056529816052798	0.0	0.0	0.0	0.0	0.0	0.0	0.0	0.04702370037703876	0.0	0.0	0.0	0.0	0.0	0.0	0.0	0.0	0.0	0.0	0.047198036398331984	0.03576890496340096	0.0	0.0	0.0	0.0	0.0	0.0	0.0	0.0	0.0	0.0	0.0	0.03541902172923587	0.052526506696344455	0.0	0.0	0.0	0.0	0.03683017172664097	0.0	0.03514891856591981	0.0	0.04874661641516645	0.0	0.07539282520093415	0.0	0.0	0.0	0.0	0.0	0.0	0.0	
0.0	0.0	0.0	0.0	0.0	0.0	0.0	0.0	0.0	0.0	0.0	0.0	0.0	0.0	0.0	0.0	0.0	0.0	0.0	0.0	0.04443539123019235	0.0	0.03424292743649749	0.04571466554653049	0.0	0.0	0.0	0.0	0.0	0.0	0.0	0.0	0.0	0.0	0.0	0.0	0.0	0.0	0.0	0.0	0.0	0.0	0.0	0.0	0.0	0.0	0.0	0.0	0.0	0.0	0.0	0.0	0.0	0.0	0.0	0.0	0.0	0.0	0.0	0.0	0.0	0.0	0.0	0.0	0.0	0.0	0.0	0.0	
0.038209630297718476	0.0	0.0	0.0	0.039146399842409585	0.053676344845891025	0.0	0.0	0.0	0.0	0.0	0.0	0.0	0.05979286117342428	0.0	0.0	0.05021464950435343	0.03866902812124302	0.08010516300683287	0.0	0.0	0.03728431473358815	0.03659050732474472	0.0408227664458131	0.0	0.04609994019804353	0.0	0.0	0.0	0.0	0.0	0.07917473057452219	0.0	0.0	0.0	0.0	0.0	0.0	0.04655888902276166	0.04082053474970797	0.0	0.0	0.038146265354107665	0.0	0.0	0.0	0.0	0.04149511609540427	0.0	0.0	0.03645125734628775	0.0	0.0	0.0	0.0	0.0	0.0	0.0	0.0	0.0	0.0	0.0	0.0	0.0	0.0	0.0	0.0	0.034096196348181694	
0.0	0.0	0.0	0.043204539706388594	0.03683722329196005	0.0	0.0	0.03981029806277216	0.0	0.0	0.0	0.03852407152686074	0.0	0.0	0.038666847627423326	0.0	0.04210872681183031	0.0	0.0	0.0	0.0	0.0	0.0	0.036519153338789405	0.0	0.0	0.0	0.0	0.0	0.0	0.0	0.0	0.0	0.0	0.0	0.0	0.0	0.0	0.0	0.0	0.0	0.0	0.0	0.0	0.044049077055748675	0.0	0.03816875017577818	0.0	0.0	0.0	0.0605912475119815	0.0	0.0	0.0	0.0	0.0	0.0	0.0	0.0	0.0	0.0	0.0	0.0	0.05980695735796947	0.0	0.0	0.0	0.0	
0.0	0.0	0.0	0.042567306707105304	0.03602101227704845	0.0	0.0	0.03638203231136457	0.0	0.0	0.0	0.03402197344864362	0.0	0.03583186195544842	0.0394338543631898	0.0	0.0	0.0	0.0	0.0	0.0	0.0	0.0	0.04779039957931138	0.045401972678470515	0.05647375266834735	0.0	0.0	0.0	0.0	0.0	0.0	0.0	0.0	0.0	0.0	0.0	0.0	0.0	0.0	0.0	0.0	0.0	0.0	0.0	0.0	0.0	0.0	0.0	0.0	0.0	0.0	0.0	0.0	0.03585361761861225	0.0	0.04227206279077218	0.04233422593710077	0.0	0.0	0.0	0.0	0.0	0.0	0.10600065547645743	0.0	0.0	0.0	
0.0	0.04145960172542241	0.0	0.036019979367264345	0.07932716621759707	0.05554728541495348	0.0	0.0521144318535086	0.0	0.0	0.0	0.06280888446185534	0.0	0.07491812997246498	0.057758467313423115	0.0	0.04271746016433842	0.05403143785079093	0.05806493537381988	0.042683606030145406	0.0	0.04599809610666039	0.04267619318658055	0.0689552402948697	0.0	0.04932582134755099	0.0	0.0	0.07917473057452219	0.0	0.0	0.0	0.0	0.0	0.053879177956518524	0.03733765036657122	0.0	0.04598119641375254	0.09115285240653756	0.0	0.0	0.042090636655996924	0.06882541847255996	0.0	0.0474576913777869	0.046293185954586785	0.05779999105435592	0.0	0.04069821477683667	0.0	0.03563412254597581	0.0	0.0	0.0	0.0	0.0428612897995203	0.0	0.05388409014155022	0.0	0.0	0.0	0.0	0.0	0.0	0.04030386361227025	0.0	0.03403124840627891	0.04431150137297796	
0.048385486492538925	0.0	0.03628547104317033	0.04713029904316077	0.05078490211142278	0.07265607792109671	0.0	0.03954910071331291	0.0	0.0	0.0	0.04830671647738541	0.0	0.05884255289658412	0.064499634864849	0.0	0.0	0.0	0.0	0.03802437017086278	0.0	0.0	0.044476447691908005	0.06585000228822488	0.0	0.0	0.0	0.0	0.0	0.0	0.0	0.0	0.0	0.0	0.03569570085878854	0.0	0.0	0.05070387335161023	0.045848358503013824	0.0	0.0	0.0	0.04726382693380464	0.04293058821670432	0.050121316965665075	0.03435073194035999	0.052922632792163284	0.0	0.0	0.0	0.03973729923376379	0.04402039737429392	0.034579194128707566	0.0	0.041068083378427954	0.0	0.03803996596485424	0.04047804137497704	0.0	0.04886984175440879	0.0	0.0	0.0	0.0	0.0	0.0	0.0	0.04228101860704318	
0.0	0.0	0.0	0.0	0.0	0.0	0.0	0.0	0.035864841850104	0.0	0.0	0.0	0.0	0.034780737013502275	0.0	0.0	0.040357077093067864	0.0	0.0	0.0	0.0	0.0	0.0	0.0	0.0	0.0	0.0	0.0	0.0	0.0	0.0	0.0	0.0	0.0	0.0	0.0	0.0	0.0	0.0	0.0	0.0	0.0	0.0	0.0	0.0	0.0	0.0	0.0	0.0	0.0	0.0	0.0	0.0	0.0	0.0	0.0	0.0	0.0	0.03880412965874276	0.0	0.03475867132375305	0.0	0.0	0.0	0.0	0.0	0.0	0.0	
0.0	0.0	0.0	0.0	0.050139687847145654	0.0	0.03459942337487672	0.04241314609808047	0.0	0.0	0.0	0.05602854072206862	0.0	0.03570070767076374	0.046085819843547635	0.0	0.0	0.0	0.0	0.051764776314779604	0.0	0.0	0.0	0.046498963572813	0.04376651134601768	0.033993685069270425	0.0	0.0	0.0	0.0	0.0	0.053879177956518524	0.03569570085878854	0.0	0.0	0.0	0.0	0.0	0.0732275218916362	0.045946453321930605	0.04954616096073111	0.07037871726535874	0.04533523677546814	0.04288545565263888	0.08149060077800607	0.07723277675389327	0.08077781555786154	0.04210417424960437	0.08323682694356646	0.0535673223463669	0.05641019915892249	0.05990293010902817	0.0	0.05748546126389146	0.034534674743773364	0.0	0.0	0.03770985355774581	0.0	0.04982528362291913	0.0	0.0	0.0	0.03395447416229574	0.0	0.0	0.07850161664197863	0.05559807451871347	
0.0	0.1026773035930763	0.0	0.0	0.0	0.0	0.0	0.0	0.0	0.03608283578870068	0.0348114948242159	0.0	0.0	0.0	0.0	0.0	0.0	0.0	0.0	0.0	0.0	0.0	0.0	0.0	0.0	0.0	0.047198036398331984	0.0	0.0	0.0	0.0	0.03733765036657122	0.0	0.0	0.0	0.0	0.06291003079601655	0.0	0.0	0.0	0.0	0.0	0.0	0.0	0.0	0.0	0.0	0.0	0.03732739823804555	0.0	0.0	0.0	0.04068195336518659	0.0	0.05499562968169544	0.0	0.05275391226491609	0.0	0.0	0.0	0.0	0.0	0.040167884359848985	0.0	0.0	0.05030380468518288	0.044170916926000434	0.0	
0.0	0.05050938746198983	0.0	0.044026584831000866	0.0	0.0	0.0	0.0	0.0	0.0	0.03380861507157271	0.0	0.0	0.0	0.0	0.0	0.041821229827420044	0.0	0.0	0.0	0.0	0.0	0.0	0.0	0.0	0.0	0.03576890496340096	0.0	0.0	0.0	0.0	0.0	0.0	0.0	0.0	0.06291003079601655	0.0	0.036759299486713144	0.0	0.0	0.0	0.0	0.0	0.0	0.0	0.0	0.0	0.03413606560057229	0.0	0.0	0.0	0.0	0.0	0.0	0.0	0.03583094071031602	0.03490270730918992	0.0	0.0	0.0	0.0	0.0	0.0	0.0	0.0	0.0	0.0	0.0	
0.07357850189580309	0.0	0.0	0.09173301528480748	0.07080884104073462	0.08500445730744371	0.036690462299224826	0.07322904069106126	0.0	0.0	0.0	0.06871331372016233	0.0	0.07672736105520957	0.08327780231932493	0.0	0.0	0.0	0.0	0.035665901719618066	0.0	0.0	0.0	0.08324954324075441	0.0	0.0	0.0	0.0	0.0	0.0	0.0	0.04598119641375254	0.05070387335161023	0.0	0.0	0.0	0.036759299486713144	0.0	0.07108760907265813	0.049511500407344346	0.0	0.043718563165758756	0.08993951344945142	0.0663566497061786	0.051694207829123186	0.052652783002581305	0.05270028587282797	0.03652717091561945	0.03686818415863919	0.0	0.0606212724004087	0.03558995912693603	0.0	0.03917649226880419	0.0	0.0	0.0	0.035690886877203724	0.0	0.0	0.0	0.0	0.03527889749394562	0.0	0.0	0.0	0.0	0.05116199501005427	
0.04057246982747168	0.0	0.0	0.05862257132308697	0.0806701294980732	0.07027714031340411	0.0	0.07758593101071297	0.0	0.0	0.0	0.08255794919964571	0.04042555732006311	0.08759578468241642	0.07977356478433677	0.0	0.0	0.0	0.03573982358582356	0.06952088316243885	0.0	0.03919643761486719	0.03579237031800661	0.08961111488519172	0.03857816297271283	0.0	0.0	0.0	0.04655888902276166	0.0	0.0	0.09115285240653756	0.045848358503013824	0.0	0.0732275218916362	0.0	0.0	0.07108760907265813	0.0	0.0	0.034176390223853055	0.089422074233326	0.08398919847686104	0.04786301211412368	0.09986661008974745	0.07807684228474837	0.10126765397761694	0.0	0.06709729902218835	0.04085862380502408	0.07596337851625293	0.04701274849316757	0.0	0.05545746201939644	0.0	0.035089978246705185	0.0	0.04563156052528288	0.0	0.039195375985922716	0.0	0.0	0.050132132127959854	0.03534306300733704	0.0	0.0	0.0	0.08810226474586835	
0.0	0.0	0.0	0.05651341412044967	0.03578112186066535	0.06361496992239142	0.0	0.03587494417804533	0.059201534610164225	0.03460058986187952	0.0	0.0	0.0	0.05369026693529152	0.037701605573137384	0.0	0.0	0.0	0.0	0.0	0.0	0.0	0.0	0.03384453717294059	0.0	0.0	0.0	0.0	0.04082053474970797	0.0	0.0	0.0	0.0	0.0	0.045946453321930605	0.0	0.0	0.049511500407344346	0.0	0.0	0.0	0.0631081068950086	0.0	0.0	0.03465712824614759	0.06893747748276231	0.0	0.09715151726913679	0.08929528630328355	0.0	0.0	0.0	0.0	0.04680210684598385	0.0	0.0	0.0	0.0	0.0	0.0	0.0	0.0	0.043019793828697	0.0	0.0	0.06003752463994059	0.07512274535872068	0.0	
0.05085509023985177	0.0	0.0	0.0	0.0	0.0	0.03452791966290805	0.0	0.0	0.0	0.0	0.0	0.0	0.03558069349411884	0.0	0.0	0.0	0.03381733298797636	0.0	0.0	0.0	0.0	0.0	0.04288572560932883	0.0	0.0	0.0	0.0	0.0	0.0	0.0	0.0	0.0	0.0	0.04954616096073111	0.0	0.0	0.0	0.034176390223853055	0.0	0.0	0.0	0.0	0.03701270837065289	0.03938826865866516	0.0	0.038276682492781586	0.0	0.0	0.0	0.0	0.0	0.0	0.0	0.0	0.0	0.0	0.053819737797198154	0.0	0.0	0.0	0.04852123773271632	0.0	0.03792943892856184	0.0	0.0	0.0	0.05475020433215706	
0.0	0.0	0.0	0.04104771800834996	0.059889837921453165	0.03579596114975549	0.0	0.059304240897082174	0.050486876807602894	0.0	0.0	0.06656753699822854	0.0	0.04147942974113172	0.060696571245402	0.0	0.0	0.0	0.0	0.05390591522556204	0.0	0.0	0.0	0.04749127027093174	0.03422106594972788	0.0	0.0	0.0	0.0	0.0	0.0	0.042090636655996924	0.0	0.0	0.07037871726535874	0.0	0.0	0.043718563165758756	0.089422074233326	0.0631081068950086	0.0	0.0	0.04785591715629645	0.0470959092243906	0.09366887288484038	0.09248004476102047	0.07974785617419028	0.03781247540704535	0.09559399340737296	0.037136907400798294	0.07121087271279937	0.04937927042469372	0.0	0.062445709390708454	0.0	0.0	0.0	0.04702960124145527	0.0	0.0	0.0	0.0	0.03551336990889316	0.056487633624992456	0.0	0.0	0.043070877779826613	0.06384732464379497	
0.07110641450724321	0.0	0.0	0.056722426766352516	0.07759411556238761	0.09349292783956886	0.0	0.0773432107271951	0.045081003495714325	0.0	0.0	0.0885416832783711	0.0	0.09588528523397975	0.08520228901064449	0.0	0.0	0.0	0.0	0.08667473807831608	0.0	0.04150274356947343	0.04374675520285738	0.06332977910963149	0.0	0.0	0.0	0.0	0.038146265354107665	0.0	0.0	0.06882541847255996	0.04726382693380464	0.0	0.04533523677546814	0.0	0.0	0.08993951344945142	0.08398919847686104	0.0	0.0	0.04785591715629645	0.0	0.05639687584272518	0.052616057046368125	0.07924555130826608	0.06072296458861894	0.0	0.04406391569332104	0.03836913893069439	0.049442662169739304	0.03977663498968841	0.0	0.07731113689484435	0.0	0.0521318794697434	0.0	0.0	0.0	0.03978396822672957	0.0	0.0	0.0	0.0	0.0	0.0	0.0	0.053578042686682426	
0.042092738673996793	0.0	0.0	0.047117499718457696	0.04054980669801762	0.04219644940374888	0.03482009021392661	0.03854014121226709	0.0	0.0	0.0	0.04869262191960348	0.0	0.03434252130601712	0.04578234072743315	0.0	0.0	0.0	0.0	0.03848575503224595	0.0	0.0	0.0	0.05057078379572404	0.0	0.0	0.0	0.0	0.0	0.0	0.0	0.0	0.04293058821670432	0.0	0.04288545565263888	0.0	0.0	0.0663566497061786	0.04786301211412368	0.0	0.03701270837065289	0.0470959092243906	0.05639687584272518	0.0	0.055073770335971016	0.06167558388712601	0.05569714102973081	0.0	0.03430911544377176	0.0371083549679555	0.046787052957106716	0.040196856383623566	0.0	0.06115897364479203	0.0	0.0	0.0	0.03535896991099146	0.0	0.0	0.0	0.0	0.0	0.0	0.0	0.0	0.0	0.04898395483829869	
0.035417209866335286	0.0	0.0	0.04409984930341607	0.05602528793284365	0.05115042528425623	0.0	0.06059538701936183	0.0	0.0	0.034742416798488315	0.06008409553171919	0.03608078574650411	0.04750335443390333	0.06418477797290768	0.0	0.049123370498559984	0.04088750194401725	0.0	0.05697456221130864	0.0	0.0	0.0	0.07065116969105607	0.04169102258211315	0.03572189435748739	0.0	0.0	0.0	0.044049077055748675	0.0	0.0474576913777869	0.050121316965665075	0.0	0.08149060077800607	0.0	0.0	0.051694207829123186	0.09986661008974745	0.03465712824614759	0.03938826865866516	0.09366887288484038	0.052616057046368125	0.055073770335971016	0.0	0.07644480125380479	0.10056711793426461	0.0	0.07661272377511727	0.04834997758652348	0.08577737898203498	0.0716902699776239	0.0	0.05498086575064703	0.0	0.0	0.0	0.048673857576210684	0.0	0.0579347939766212	0.0	0.0	0.03967590212148901	0.041590384937810865	0.0	0.0	0.0384091985721307	0.08853275914420734	
0.037917983454021635	0.0	0.0	0.039467147192726086	0.06849320673972437	0.03890637041116486	0.0	0.06428485153612744	0.07149099707178169	0.0	0.0	0.098560465687992	0.0	0.04596302020303981	0.0719717106586803	0.0	0.0	0.0	0.0	0.08215504670443632	0.0	0.0	0.0	0.043180960318768544	0.0	0.0	0.0	0.0	0.0	0.0	0.0	0.046293185954586785	0.03435073194035999	0.0	0.07723277675389327	0.0	0.0	0.052652783002581305	0.07807684228474837	0.06893747748276231	0.0	0.09248004476102047	0.07924555130826608	0.06167558388712601	0.07644480125380479	0.0	0.07552207799721349	0.05817862857929028	0.08722387436217059	0.03989513786819814	0.07289273815054283	0.050503478755301555	0.0348992048394665	0.09377221072044288	0.0	0.04166408119889726	0.0	0.04272032202181674	0.0	0.039254893243841696	0.0	0.0	0.0	0.04607665398139073	0.0	0.04653840733992279	0.07529753316721405	0.04751393514872998	
0.0	0.0	0.0	0.03616671374236582	0.05813398900793788	0.04810061446790372	0.0	0.055909912652607995	0.0	0.0	0.0	0.06318515439637283	0.06605675182887559	0.047909594857995084	0.06034997412739296	0.0	0.035545900945145495	0.0	0.0	0.053825078446292626	0.0	0.0	0.040734924815110644	0.08399605732700077	0.08133882953314922	0.04181924527398923	0.0	0.0	0.0	0.03816875017577818	0.0	0.05779999105435592	0.052922632792163284	0.0	0.08077781555786154	0.0	0.0	0.05270028587282797	0.10126765397761694	0.0	0.038276682492781586	0.07974785617419028	0.06072296458861894	0.05569714102973081	0.10056711793426461	0.07552207799721349	0.0	0.0	0.0677899877279442	0.0839081339037687	0.07873903867366226	0.08955105650830632	0.051477995675918965	0.05963949421458775	0.0	0.0	0.0	0.03802939962088143	0.042421894561447494	0.0767005884723188	0.03661427688175563	0.0	0.0	0.04594969826486753	0.0	0.0	0.045929381935152516	0.09335748930618883	
0.0	0.0	0.0	0.04538505571401083	0.0	0.051977887110886196	0.0	0.0	0.05735085122437155	0.03701775428715659	0.0	0.0	0.0	0.041384517065808486	0.0	0.0	0.0	0.0	0.0	0.0	0.0	0.0	0.0	0.0	0.0	0.0	0.0	0.0	0.04149511609540427	0.0	0.0	0.0	0.0	0.0	0.04210417424960437	0.0	0.03413606560057229	0.03652717091561945	0.0	0.09715151726913679	0.0	0.03781247540704535	0.0	0.0	0.0	0.05817862857929028	0.0	0.0	0.07582938006292118	0.0	0.0	0.0	0.038265941637007236	0.04422058517243024	0.0	0.0	0.0	0.0	0.0	0.0	0.03567215906292251	0.0	0.06991975467905161	0.0	0.0	0.07953210813391123	0.08496800885759356	0.035367764538191064	
0.0	0.03583345780428019	0.0	0.03799644176743803	0.06059445676705045	0.0	0.0	0.05229939664007861	0.06043425074804356	0.0	0.0	0.07297006959631616	0.0	0.03861571821278126	0.0556541208016801	0.0	0.0	0.0	0.0	0.059547068573540494	0.0	0.0	0.0	0.03790401925187441	0.03550761636752401	0.0	0.03541902172923587	0.0	0.0	0.0	0.0	0.04069821477683667	0.0	0.0	0.08323682694356646	0.03732739823804555	0.0	0.03686818415863919	0.06709729902218835	0.08929528630328355	0.0	0.09559399340737296	0.04406391569332104	0.03430911544377176	0.07661272377511727	0.08722387436217059	0.0677899877279442	0.07582938006292118	0.0	0.03694030161978008	0.06562641529688247	0.059605622987050993	0.041795224109008856	0.06589680662188509	0.0	0.03442423213739677	0.0	0.05084111608577988	0.0	0.044814679917763216	0.03541270283921875	0.0	0.0	0.056766031558604685	0.0	0.056459760019838004	0.08258352245680003	0.0359522989368001	
0.0	0.0	0.0	0.0	0.0	0.0	0.0	0.0	0.0	0.0	0.0	0.0	0.04171131106370498	0.0	0.0	0.07371189702669222	0.0	0.0	0.0	0.0	0.0	0.0401726006454555	0.0	0.0	0.06328396554080026	0.03682466276677616	0.052526506696344455	0.0	0.0	0.0	0.0	0.0	0.0	0.0	0.0535673223463669	0.0	0.0	0.0	0.04085862380502408	0.0	0.0	0.037136907400798294	0.03836913893069439	0.0371083549679555	0.04834997758652348	0.03989513786819814	0.0839081339037687	0.0	0.03694030161978008	0.0	0.049549893972069076	0.06011356094708506	0.04211357847900081	0.036934704089670554	0.0	0.0	0.0	0.0	0.05018190272333356	0.0	0.06902033977222034	0.0	0.0	0.042337496346199925	0.0	0.0	0.04162089740969158	0.05032443921436201	
0.0	0.0	0.0	0.052579216507590606	0.0541451287601879	0.03892583782866486	0.0	0.07586794154110185	0.04042237052041274	0.0	0.0	0.07050400228433103	0.0	0.04022536020694624	0.0699423896597754	0.0	0.05723791339727246	0.03970767571754439	0.03920717544594772	0.05130632214621163	0.0	0.0	0.0	0.05854448306583168	0.04044286264795945	0.0	0.0	0.0	0.03645125734628775	0.0605912475119815	0.0	0.03563412254597581	0.03973729923376379	0.0	0.05641019915892249	0.0	0.0	0.0606212724004087	0.07596337851625293	0.0	0.0	0.07121087271279937	0.049442662169739304	0.046787052957106716	0.08577737898203498	0.07289273815054283	0.07873903867366226	0.0	0.06562641529688247	0.049549893972069076	0.0	0.07301769435349467	0.040398226993543	0.04256559775172303	0.0	0.0	0.0	0.04425172235467718	0.0	0.0414149682214041	0.0	0.0	0.0	0.07013799463262807	0.0	0.03607690933792051	0.0	0.04227911400190618	
0.0	0.0	0.0	0.0	0.044942524578911305	0.0	0.0	0.0473669064706773	0.0	0.0	0.0	0.042999357382433656	0.0	0.0	0.048291541478292406	0.0	0.042609452495584656	0.0	0.0	0.03462216355863284	0.0	0.0	0.0	0.04508244410348552	0.040940306551524724	0.0	0.0	0.0	0.0	0.0	0.0	0.0	0.04402039737429392	0.0	0.05990293010902817	0.0	0.0	0.03558995912693603	0.04701274849316757	0.0	0.0	0.04937927042469372	0.03977663498968841	0.040196856383623566	0.0716902699776239	0.050503478755301555	0.08955105650830632	0.0	0.059605622987050993	0.06011356094708506	0.07301769435349467	0.0	0.09436402161021089	0.0	0.0	0.0	0.0	0.0	0.0	0.09740299414255892	0.0	0.0	0.0	0.04340709455313054	0.0	0.053636258665015896	0.04504644614531509	0.040667542175681505	
0.0	0.041109676678838705	0.0	0.0	0.0	0.0	0.0	0.0	0.0	0.0	0.0	0.0	0.0	0.0	0.0	0.0	0.0	0.0	0.0	0.0	0.0	0.0	0.0	0.0	0.04010442224591663	0.0	0.0	0.0	0.0	0.0	0.0	0.0	0.034579194128707566	0.0	0.0	0.04068195336518659	0.0	0.0	0.0	0.0	0.0	0.0	0.0	0.0	0.0	0.0348992048394665	0.051477995675918965	0.038265941637007236	0.041795224109008856	0.04211357847900081	0.040398226993543	0.09436402161021089	0.0	0.0	0.04524461512650191	0.0	0.0	0.03600622074337221	0.0	0.09128737534265119	0.0	0.0	0.07538133221705158	0.03838456626324387	0.0	0.08369012235046458	0.06179857949489956	0.0	
0.035031972829928884	0.0	0.0	0.035521236930600386	0.0405383868709657	0.0	0.0	0.046804567125399064	0.05982361140729843	0.0	0.0	0.08298610948013942	0.0	0.0	0.046797590173360465	0.0	0.0	0.0	0.0	0.08787525170916083	0.0	0.0	0.0	0.0	0.0	0.0	0.0	0.0	0.0	0.0	0.0	0.0	0.0	0.0	0.05748546126389146	0.0	0.0	0.03917649226880419	0.05545746201939644	0.04680210684598385	0.0	0.062445709390708454	0.07731113689484435	0.06115897364479203	0.05498086575064703	0.09377221072044288	0.05963949421458775	0.04422058517243024	0.06589680662188509	0.036934704089670554	0.04256559775172303	0.0	0.0	0.0	0.0	0.03503657622646177	0.0	0.0	0.0	0.0	0.0341743024950483	0.0	0.0	0.0	0.0	0.0	0.04845384692478843	0.03873030833043799	
0.0	0.0588243422845044	0.0	0.0	0.0	0.0	0.0	0.0	0.0	0.0	0.0	0.0	0.0	0.0	0.0	0.0	0.0	0.0	0.0	0.034843961217359165	0.0	0.0	0.0	0.0	0.0	0.0	0.03683017172664097	0.0	0.0	0.0	0.03585361761861225	0.0	0.041068083378427954	0.0	0.034534674743773364	0.05499562968169544	0.0	0.0	0.0	0.0	0.0	0.0	0.0	0.0	0.0	0.0	0.0	0.0	0.0	0.0	0.0	0.0	0.04524461512650191	0.0	0.0	0.0	0.10221951166742513	0.0	0.0	0.03394328452629503	0.0	0.0	0.0	0.042283862891101164	0.03735983986099803	0.04240217300458276	0.041360588457528095	0.0	
0.0	0.0	0.0	0.0	0.04246157882522585	0.0	0.0	0.0	0.06964024253682523	0.03561685542301432	0.0	0.058120663122183606	0.0	0.0	0.0	0.034360949425153775	0.0	0.0	0.0	0.06449305700345996	0.0	0.0889043003094802	0.04733878153533685	0.0	0.0	0.03778697961014699	0.0	0.0	0.0	0.0	0.0	0.0428612897995203	0.0	0.0	0.0	0.0	0.03583094071031602	0.0	0.035089978246705185	0.0	0.0	0.0	0.0521318794697434	0.0	0.0	0.04166408119889726	0.0	0.0	0.03442423213739677	0.0	0.0	0.0	0.0	0.03503657622646177	0.0	0.0	0.0	0.0	0.0	0.0	0.0	0.0	0.0	0.043982394246356804	0.0	0.0	0.0	0.0	
0.0	0.05163892868692782	0.0	0.0	0.0	0.0	0.0	0.0	0.0	0.0	0.0	0.0	0.0	0.0	0.0	0.0	0.0	0.0	0.0	0.0	0.0	0.0	0.0	0.0	0.0	0.0	0.03514891856591981	0.0	0.0	0.0	0.04227206279077218	0.0	0.03803996596485424	0.0	0.0	0.05275391226491609	0.03490270730918992	0.0	0.0	0.0	0.0	0.0	0.0	0.0	0.0	0.0	0.0	0.0	0.0	0.0	0.0	0.0	0.0	0.0	0.10221951166742513	0.0	0.0	0.03476439340456753	0.0	0.0	0.0	0.0	0.0	0.03414696222343571	0.0349882003295623	0.036008399554871076	0.0	0.0	
0.03976284013155928	0.0	0.0	0.05286512893435443	0.07865915062928973	0.049993094773289205	0.0	0.06026109386754596	0.04720799855166972	0.0	0.034126447582962245	0.05056160691130772	0.0	0.05892510393478932	0.06965534067450393	0.0	0.0	0.0	0.0	0.03728044375489618	0.0	0.03393420824896618	0.0	0.06250494624044084	0.0	0.0	0.0	0.0	0.0	0.0	0.04233422593710077	0.05388409014155022	0.04047804137497704	0.0	0.03770985355774581	0.0	0.0	0.035690886877203724	0.04563156052528288	0.0	0.053819737797198154	0.04702960124145527	0.0	0.03535896991099146	0.048673857576210684	0.04272032202181674	0.03802939962088143	0.0	0.05084111608577988	0.0	0.04425172235467718	0.0	0.03600622074337221	0.0	0.0	0.0	0.03476439340456753	0.0	0.06196073772131557	0.04120954016003877	0.05299480666358507	0.09053522471244606	0.0	0.03596560395637541	0.049797770255412176	0.0	0.0	0.0	
0.03477001432632102	0.0	0.04422468872301893	0.03878788900312789	0.0	0.0	0.03793575681303544	0.0	0.04013991109624413	0.0	0.05781915695222152	0.0	0.07898612348299709	0.0	0.0	0.047446695188707214	0.039092987037876385	0.03605388609727119	0.0	0.0	0.0	0.041295750699462	0.0	0.0	0.08006111287151098	0.05527769789888009	0.04874661641516645	0.0	0.0	0.0	0.0	0.0	0.0	0.03880412965874276	0.0	0.0	0.0	0.0	0.0	0.0	0.0	0.0	0.0	0.0	0.0	0.0	0.042421894561447494	0.0	0.0	0.05018190272333356	0.0	0.0	0.0	0.0	0.0	0.0	0.0	0.06196073772131557	0.0	0.0	0.0803684734723319	0.0460182620783882	0.0	0.034040021297914204	0.04239452727280222	0.04709732864029924	0.0	0.05472357782220469	
0.0	0.0	0.0	0.037957216381966113	0.04489610351057446	0.037808701283876034	0.0	0.04783525005098153	0.0	0.0	0.03534812054677366	0.04534969722900545	0.0	0.03484527917798162	0.04949474792202122	0.0	0.0	0.0	0.0	0.0	0.0	0.0	0.0	0.053018603660158876	0.0	0.0	0.0	0.0	0.0	0.0	0.0	0.0	0.04886984175440879	0.0	0.04982528362291913	0.0	0.0	0.0	0.039195375985922716	0.0	0.0	0.0	0.03978396822672957	0.0	0.0579347939766212	0.039254893243841696	0.0767005884723188	0.0	0.044814679917763216	0.0	0.0414149682214041	0.09740299414255892	0.09128737534265119	0.0	0.03394328452629503	0.0	0.0	0.04120954016003877	0.0	0.0	0.03730175272709153	0.0	0.0	0.0	0.0	0.04784083975367108	0.03937553801949263	0.03650370226244428	
0.0	0.0	0.0	0.033803701182611244	0.0	0.0	0.0	0.0	0.0	0.0	0.050849833469906514	0.0	0.04986702461429135	0.0	0.0	0.042029522107167	0.05248430575628876	0.03625646791017526	0.0	0.0	0.0	0.0	0.0	0.0	0.05934675891701775	0.0	0.07539282520093415	0.0	0.0	0.0	0.0	0.0	0.0	0.03475867132375305	0.0	0.0	0.0	0.0	0.0	0.0	0.0	0.0	0.0	0.0	0.0	0.0	0.03661427688175563	0.03567215906292251	0.03541270283921875	0.06902033977222034	0.0	0.0	0.0	0.0341743024950483	0.0	0.0	0.0	0.05299480666358507	0.0803684734723319	0.03730175272709153	0.0	0.04903118288503002	0.0	0.04220760027205524	0.0	0.0	0.0	0.0	
0.0	0.0	0.0	0.0	0.046608057141013445	0.03778067668438322	0.0	0.0	0.0	0.0	0.0	0.0	0.0	0.03709114031740402	0.04229218844129339	0.0	0.0	0.0	0.0	0.0	0.0	0.0	0.0	0.04302852430174731	0.0	0.0	0.0	0.0	0.0	0.0	0.0	0.0	0.0	0.0	0.0	0.0	0.0	0.0	0.0	0.0	0.04852123773271632	0.0	0.0	0.0	0.0	0.0	0.0	0.0	0.0	0.0	0.0	0.0	0.0	0.0	0.0	0.0	0.0	0.09053522471244606	0.0460182620783882	0.0	0.04903118288503002	0.0	0.0	0.0	0.036829000746287914	0.0	0.0	0.0	
